0 0 6.0076898702 -1.10359472547e-15 0
6.0076898702 -1.10359472547e-15 8.43879763358 -1.55018197659e-15 2
8.43879763358 -1.55018197659e-15 9.04501774972 -1.66154280531e-15 0
8.94501774972 -0.1 3.75824288801 -0.1 0
3.75824288801 -0.1 0.164429946153 -0.1 3
0.164429946153 -0.1 0.164429946153 -1.89114464728 1
0.164429946153 -1.89114464728 0.164429946153 -2.18967311753 1
0.164429946153 -2.18967311753 6.08780234481 -2.18967311753 0
6.08780234481 -2.18967311753 8.73837537517 -2.18967311753 3
8.63837537517 -2.28967311753 3.70968478036 -2.28967311753 0
3.70968478036 -2.28967311753 -0.0579012370848 -2.28967311753 3
-0.0579012370848 -2.28967311753 -0.0579012370848 -4.61250629271 1
-0.0579012370848 -4.61250629271 5.73582934117 -4.61250629271 0
5.73582934117 -4.61250629271 9.05120481892 -4.61250629271 3
8.95120481892 -4.71250629271 3.33712102993 -4.71250629271 0
3.33712102993 -4.71250629271 -0.135384919492 -4.71250629271 3
-0.135384919492 -4.71250629271 -0.135384919492 -7.06794950977 1
-0.135384919492 -7.06794950977 5.4452140609 -7.06794950977 0
5.4452140609 -7.06794950977 8.10076737072 -7.06794950977 3
8.10076737072 -7.06794950977 8.52800221633 -7.06794950977 0
8.42800221633 -7.16794950977 2.94837740263 -7.16794950977 0
2.94837740263 -7.16794950977 -0.636700561797 -7.16794950977 3
-0.636700561797 -7.16794950977 -0.636700561797 -9.71727131952 1
-0.636700561797 -9.71727131952 5.82845924784 -9.71727131952 0
5.82845924784 -9.71727131952 8.28258158484 -9.71727131952 2
8.18258158484 -9.81727131952 2.62651513423 -9.81727131952 0
2.62651513423 -9.81727131952 -1.36248708063 -9.81727131952 3
-1.36248708063 -9.81727131952 -1.36248708063 -12.0337928572 1
-1.36248708063 -12.0337928572 -1.36248708063 -12.2070167597 1
-1.36248708063 -12.2070167597 3.96538515466 -12.2070167597 0
3.96538515466 -12.2070167597 7.39655068497 -12.2070167597 3
7.29655068497 -12.3070167597 2.76377849992 -12.3070167597 0
2.76377849992 -12.3070167597 -2.13554009765 -12.3070167597 3
-2.13554009765 -12.3070167597 -2.13554009765 -0.960849333534 1
-2.13554009765 -0.960849333534 -2.54537174827 -0.960849333534 1
-2.54537174827 -0.960849333534 -9.18573269753 -0.960849333534 0
-9.18573269753 -0.960849333534 -12.0675929448 -0.960849333534 1
-12.1675929448 -1.06084933353 -7.88276535913 -1.06084933353 0
-7.88276535913 -1.06084933353 -3.73793261326 -1.06084933353 3
-3.73793261326 -1.06084933353 -3.73793261326 -3.08401068637 1
-3.73793261326 -3.08401068637 -3.73793261326 -3.34175722737 1
-3.73793261326 -3.34175722737 -9.14610276466 -3.34175722737 0
-9.14610276466 -3.34175722737 -12.0294541734 -3.34175722737 1
-12.1294541734 -3.44175722737 -7.18041556812 -3.44175722737 0
-7.18041556812 -3.44175722737 -3.53291426526 -3.44175722737 3
-3.53291426526 -3.44175722737 -3.53291426526 -5.27613537784 1
-3.53291426526 -5.27613537784 -3.53291426526 -5.68096730407 1
-3.53291426526 -5.68096730407 -8.20550668007 -5.68096730407 0
-8.20550668007 -5.68096730407 -10.4307929557 -5.68096730407 1
-10.4307929557 -5.68096730407 -11.6926122881 -5.68096730407 1
-11.7926122881 -5.78096730407 -6.88873783752 -5.78096730407 0
-6.88873783752 -5.78096730407 -3.24930109186 -5.78096730407 3
-3.24930109186 -5.78096730407 -3.24930109186 -7.61724479746 1
-3.24930109186 -7.61724479746 -3.56554780303 -7.61724479746 1
-3.56554780303 -7.61724479746 -8.72487923022 -7.61724479746 0
-8.72487923022 -7.61724479746 -11.5988483746 -7.61724479746 1
-11.5988483746 -7.61724479746 -11.743821372 -7.61724479746 1
-11.843821372 -7.71724479746 -7.24071952789 -7.71724479746 0
-7.24071952789 -7.71724479746 -2.24225396634 -7.71724479746 3
-2.24225396634 -7.71724479746 -2.24225396634 -10.0139814344 1
-2.24225396634 -10.0139814344 -3.66147635448 -10.0139814344 1
-3.66147635448 -10.0139814344 -5.47825037311 -10.0139814344 0
-5.47825037311 -10.0139814344 -8.4204231686 -10.0139814344 0
-8.4204231686 -10.0139814344 -11.8721787359 -10.0139814344 1
-11.9721787359 -10.1139814344 -5.53854160524 -10.1139814344 0
-5.53854160524 -10.1139814344 -4.16470605698 -10.1139814344 3
-4.16470605698 -10.1139814344 -4.16470605698 -12.1008778535 1
-4.16470605698 -12.1008778535 -4.16470605698 -12.3520346772 1
-4.16470605698 -12.3520346772 -9.94880979741 -12.3520346772 0
-9.94880979741 -12.3520346772 -13.0174342828 -12.3520346772 1
-13.1174342828 -12.4520346772 -7.74415679701 -12.4520346772 0
-7.74415679701 -12.4520346772 -4.1627247909 -12.4520346772 3
-4.1627247909 -12.4520346772 -4.1627247909 -14.3628845688 1
-4.1627247909 -14.3628845688 -9.91467718295 -14.3628845688 0
-9.91467718295 -14.3628845688 -12.9872081466 -14.3628845688 1
-13.0872081466 -14.4628845688 -7.73599816489 -14.4628845688 0
-7.73599816489 -14.4628845688 -4.23350278418 -14.4628845688 3
-4.23350278418 -14.4628845688 -4.23350278418 -12.1148823702 1
-4.23350278418 -12.1148823702 1.46364662178 -12.1148823702 0
1.46364662178 -12.1148823702 4.26953551241 -12.1148823702 3
4.26953551241 -12.1148823702 4.26953551241 -13.9705274033 1
4.26953551241 -13.9705274033 4.26953551241 -14.3450866965 1
4.26953551241 -14.3450866965 0.241171301907 -14.3450866965 0
0.241171301907 -14.3450866965 -1.86903951586 -14.3450866965 3
-1.96903951586 -14.4450866965 0.958282015511 -14.4450866965 0
0.958282015511 -14.4450866965 4.3955826328 -14.4450866965 3
4.3955826328 -14.4450866965 4.3955826328 -16.5038363152 1
4.3955826328 -16.5038363152 4.3955826328 -16.7064701929 1
4.3955826328 -16.7064701929 0.834068270283 -16.7064701929 0
0.834068270283 -16.7064701929 -2.02562810479 -16.7064701929 3
-2.12562810479 -16.8064701929 0.973857435571 -16.8064701929 0
0.973857435571 -16.8064701929 4.09009152979 -16.8064701929 3
4.09009152979 -16.8064701929 4.09009152979 -18.1325323822 1
4.09009152979 -18.1325323822 3.20087786346 -18.1325323822 1
3.20087786346 -18.1325323822 0.160198082487 -18.1325323822 0
0.160198082487 -18.1325323822 -3.05823389637 -18.1325323822 3
-3.15823389637 -18.2325323822 0.861615511623 -18.2325323822 0
0.861615511623 -18.2325323822 3.56962122513 -18.2325323822 1
3.56962122513 -18.2325323822 3.56962122513 -21.3930396428 1
3.56962122513 -21.3930396428 0.262782586795 -21.3930396428 0
0.262782586795 -21.3930396428 -3.26306575084 -21.3930396428 3
-3.36306575084 -21.4930396428 -0.25521204611 -21.4930396428 0
-0.25521204611 -21.4930396428 3.41013668628 -21.4930396428 3
3.41013668628 -21.4930396428 3.41013668628 -23.307657159 1
3.41013668628 -23.307657159 3.41013668628 -23.5400626667 1
3.41013668628 -23.5400626667 0.293138835779 -23.5400626667 0
0.293138835779 -23.5400626667 -3.65971584154 -23.5400626667 3
-3.75971584154 -23.6400626667 0.298737193793 -23.6400626667 0
0.298737193793 -23.6400626667 3.79601422743 -23.6400626667 3
3.79601422743 -23.6400626667 3.79601422743 -25.6324152384 1
3.79601422743 -25.6324152384 0.251480349752 -25.6324152384 0
0.251480349752 -25.6324152384 -3.1791271533 -25.6324152384 3
-3.2791271533 -25.7324152384 0.753655402206 -25.7324152384 0
0.753655402206 -25.7324152384 4.03207707277 -25.7324152384 3
4.03207707277 -25.7324152384 4.03207707277 -27.7781124056 1
3.93207707277 -27.8781124056 3.93207707277 -13.7049133237 1
3.83207707277 -13.8049133237 3.83207707277 -15.8368795955 1
3.83207707277 -15.8368795955 3.83207707277 -16.1382140443 1
3.83207707277 -16.1382140443 0.0853153966254 -16.1382140443 0
