0.0414372 0.0908265 -1.60585 0
0.0414373 0.0908266 -1.60588 0
0.0414374 0.0908268 -1.60611 0
0.0414375 0.090827 -1.60647 0
0.0414376 0.0908272 -1.60663 0
0.0280113 -0.146682 -1.6222 0
0.011241 -0.372978 -1.65322 0
-0.0168437 -0.59222 -1.69986 0
-0.0575903 -0.824236 -1.74653 0
-0.101827 -1.04521 -1.76346 0
-0.139198 -1.26506 -1.73163 0
-0.157955 -1.47742 -1.64024 0
-0.176043 -1.69442 -1.67007 0
-0.204897 -1.92106 -1.70205 0
-0.237369 -2.13916 -1.71796 0
-0.267147 -2.35736 -1.70296 0
-0.288573 -2.57175 -1.65698 0
-0.309145 -2.79388 -1.65739 0
-0.332144 -3.01295 -1.67374 0
-0.355326 -3.23958 -1.67436 0
-0.376512 -3.45666 -1.6749 0
-0.399064 -3.67844 -1.675 0
-0.420152 -3.90277 -1.66048 0
-0.438576 -4.12264 -1.64559 0
-0.456151 -4.34426 -1.64594 0
-0.463184 -4.55964 -1.60015 0
-0.470089 -4.78751 -1.60076 0
-0.481852 -5.01018 -1.63094 0
-0.490291 -5.23236 -1.60179 0
-0.49833 -5.44697 -1.6182 0
-0.505296 -5.66778 -1.60352 0
-0.513698 -5.89116 -1.60391 0
-0.521455 -6.1179 -1.60419 2
-0.529997 -6.34004 -1.60462 2
-0.538019 -6.55824 -1.6046 2
-0.547055 -6.78099 -1.60406 2
-0.558008 -7.00064 -1.61968 2
-0.5653 -7.22099 -1.60219 2
-0.565471 -7.44593 -1.55806 2
-0.560879 -7.66114 -1.54262 2
-0.557234 -7.88887 -1.54225 2
-0.554991 -8.10842 -1.55638 2
-0.553062 -8.32664 -1.5559 2
-0.550015 -8.54884 -1.55532 2
-0.546077 -8.76906 -1.5428 3
-0.544128 -8.99846 -1.55324 0
-0.542802 -9.21645 -1.56799 0
-0.540838 -9.43006 -1.57167 0
-0.586527 -9.61948 -2.02082 0
-0.609731 -9.60112 -2.56441 0
-0.610875 -9.55945 -3.17124 1
-0.598604 -9.52549 -3.76443 1
-0.56986 -9.50352 -4.3522 1
-0.536908 -9.50045 1.39339 0
-0.5273 -9.24622 1.52843 0
-0.491525 -9.02754 1.38286 0
-0.423535 -8.79785 1.28005 0
-0.349753 -8.5799 1.26705 0
-0.334576 -8.33055 -4.67573 0
-0.359412 -8.112 -4.61083 0
-0.36896 -7.8819 -4.70388 0
-0.347425 -7.65925 1.45503 0
-0.308082 -7.42895 1.40018 0
-0.264774 -7.2051 1.38357 0
-0.229766 -6.98485 1.4284 0
-0.213026 -6.77771 1.50429 0
-0.220653 -6.57088 -4.66401 0
-0.239773 -6.35327 -4.63454 0
-0.253869 -6.13788 -4.65165 0
-0.267283 -5.91491 -4.65303 0
-0.273135 -5.69035 -4.69473 0
-0.271118 -5.46559 1.5488 0
-0.257128 -5.23857 1.49017 0
-0.228724 -5.00347 1.43597 0
-0.192059 -4.77091 1.41372 0
-0.154544 -4.5452 1.41523 0
-0.127226 -4.32988 1.45898 0
-0.121332 -4.11999 1.56443 3
-0.137957 -3.91522 -4.6164 3
-0.156718 -3.69246 -4.64485 3
-0.159447 -3.46865 1.57077 3
-0.150075 -3.24252 1.52109 3
-0.134961 -3.01821 1.50224 3
-0.121627 -2.79314 1.51289 3
-0.110569 -2.57244 1.52595 3
-0.0991733 -2.35465 1.52222 3
-0.0950954 -2.14635 1.54933 3
-0.0959317 -1.92054 1.56093 3
-0.0909515 -1.69988 1.54121 3
-0.0823842 -1.47909 1.52173 3
-0.071638 -1.25595 1.51722 3
-0.0612973 -1.03599 1.52829 3
-0.0548548 -0.812806 1.55596 3
-0.068085 -0.596201 -4.6354 3
-0.136245 -0.526208 -3.96002 3
-0.207519 -0.519939 -3.47174 1
-0.476416 -0.44586 -3.43197 1
-0.694209 -0.390245 -3.38984 1
-0.912057 -0.340059 -3.35949 1
-1.1324 -0.306932 -3.27046 1
-1.3387 -0.302257 -3.13804 1
-1.54888 -0.316491 -3.06407 1
-1.76839 -0.330242 -3.08683 1
-1.98942 -0.338203 -3.10138 1
-2.21071 -0.353061 -3.06454 1
-2.27693 -0.41856 -2.33014 1
-2.31539 -0.600574 -1.82437 0
-2.36062 -0.806224 -1.77964 0
-2.39554 -1.01468 -1.72879 0
-2.3793 -1.23433 -1.38412 0
-2.31816 -1.43848 -1.2889 0
-2.26798 -1.65203 -1.3736 0
-2.26097 -1.91183 -1.60615 0
-2.28242 -2.13214 -1.67559 0
-2.23366 -2.36222 -1.21085 0
-2.22198 -2.53227 -1.92993 0
-2.25102 -2.77754 -1.77468 0
-2.31521 -3.00215 -1.85734 0
-2.38811 -3.22313 -1.88737 0
-2.4477 -3.45596 -1.78946 0
-2.47829 -3.66445 -1.68988 0
-2.48403 -3.86329 -1.58065 0
-2.48415 -4.08063 -1.58503 0
-2.49863 -4.30604 -1.65123 0
-2.51773 -4.53217 -1.66638 0
-2.53866 -4.75291 -1.66552 0
-2.55326 -4.97049 -1.63355 0
-2.56483 -5.1858 -1.6174 0
-2.57746 -5.4083 -1.61666 0
-2.59173 -5.63212 -1.63127 0
-2.60176 -5.85336 -1.61517 0
-2.61389 -6.07374 -1.62718 0
-2.62479 -6.29311 -1.61384 0
-2.63643 -6.51524 -1.61353 0
-2.64965 -6.73519 -1.62814 3
-2.66125 -6.96178 -1.62744 3
-2.67075 -7.173 -1.61068 3
-2.68232 -7.40032 -1.60976 3
-2.69489 -7.62012 -1.62437 3
-2.70482 -7.8427 -1.62296 3
-2.71531 -8.06069 -1.6225 3
-2.72444 -8.28017 -1.60534 3
-2.73487 -8.50772 -1.60365 3
-2.74516 -8.73018 -1.60202 3
-2.75507 -8.94998 -1.61619 3
-2.76236 -9.16808 -1.61296 3
-2.77367 -9.38286 -1.62847 3
-2.81863 -9.47361 -2.19589 0
-2.82682 -9.42917 -2.81369 1
-2.82791 -9.39225 -3.40076 1
-2.80581 -9.3615 -4.00274 1
-2.77288 -9.34698 -4.58786 0
-2.7162 -9.1406 1.38699 0
-2.67264 -8.9196 1.3725 0
-2.62814 -8.69592 1.37315 0
-2.58698 -8.49195 1.37325 0
-2.54189 -8.26816 1.37335 0
-2.4977 -8.04936 1.37375 0
-2.45621 -7.83433 1.38876 0
-2.41376 -7.61875 1.38427 0
-2.371 -7.3999 1.38291 0
-2.32733 -7.17234 1.38627 0
-2.28779 -6.94494 1.40557 0
-2.25759 -6.72421 1.44537 0
-2.23735 -6.51303 1.49003 0
-2.22602 -6.29785 1.5037 0
-2.19639 -6.07322 1.41801 0
-2.15022 -5.8517 1.36022 0
-2.10904 -5.62838 1.43975 0
-2.13893 -5.375 -4.53483 0
-2.18318 -5.15047 -4.54488 0
-2.19896 -4.92609 -4.68683 0
-2.1774 -4.69708 1.45507 0
-2.14373 -4.45861 1.42791 0
-2.12922 -4.24513 1.56517 3
-2.20579 -3.9948 -4.3667 3
-2.283 -3.77074 -4.41914 3
-2.31929 -3.56103 -4.58665 3
-2.32808 -3.33162 -4.68831 3
-2.32612 -3.09895 1.55527 3
-2.3185 -2.87741 1.53628 3
-2.32196 -2.65925 -4.68311 3
-2.34111 -2.45441 -4.60404 3
-2.37755 -2.25197 -4.52964 3
-2.41811 -2.02766 -4.55484 3
-2.43766 -1.80867 -4.64078 3
-2.44024 -1.57438 1.56545 3
-2.42567 -1.34295 1.49537 3
-2.40308 -1.11986 1.46029 3
-2.3849 -0.903257 1.49843 3
-2.39155 -0.630196 -4.64964 3
-2.44424 -0.490737 -4.04465 3
-2.46905 -0.517672 -3.48813 1
-2.7383 -0.458033 -3.39087 1
-2.9633 -0.410258 -3.34896 1
-3.17951 -0.368147 -3.33804 1
-3.39827 -0.324446 -3.34285 1
-3.61533 -0.286836 -3.30258 1
-3.83172 -0.259089 -3.27557 1
-4.05103 -0.233583 -3.2653 1
-4.27239 -0.207486 -3.27058 1
-4.4936 -0.178233 -3.27606 1
-4.71286 -0.153732 -3.23546 1
-4.79787 -0.190413 -2.62208 1
-4.77215 -0.215539 -2.06904 1
-4.74999 -0.261766 -1.58063 0
-4.75898 -0.506907 -1.5851 0
-4.75289 -0.727795 -1.54606 0
-4.74996 -0.949024 -1.56622 0
-4.74863 -1.17033 -1.5711 0
-4.75239 -1.4006 -1.59422 0
-4.76378 -1.62177 -1.62344 0
-4.77543 -1.8389 -1.6279 0
-4.78134 -2.05609 -1.60446 0
-4.78235 -2.27926 -1.57398 0
-4.7784 -2.49983 -1.56596 0
-4.78026 -2.72378 -1.58523 0
-4.7835 -2.94254 -1.58896 0
-4.78577 -3.15749 -1.57707 0
-4.78957 -3.38361 -1.58047 0
-4.7946 -3.60067 -1.59507 0
-4.79947 -3.82365 -1.60242 0
-4.80606 -4.04987 -1.6055 0
-4.80951 -4.27033 -1.59299 0
-4.80987 -4.49938 -1.5804 0
-4.80772 -4.72139 -1.56776 0
-4.80355 -4.94647 -1.55493 0
-4.79683 -5.16177 -1.54199 0
-4.78887 -5.38965 -1.54445 0
-4.77992 -5.61337 -1.53125 0
-4.77095 -5.83274 -1.5328 0
-4.76385 -6.05548 -1.53467 0
-4.7564 -6.26834 -1.53661 3
-4.74859 -6.49132 -1.53823 3
-4.74233 -6.71559 -1.54038 3
-4.73931 -6.93924 -1.55728 3
-4.73305 -7.15757 -1.54341 3
-4.72765 -7.37727 -1.54489 3
-4.72247 -7.60039 -1.54622 3
-4.71832 -7.82332 -1.54744 3
-4.71474 -8.04794 -1.54859 3
-4.71021 -8.25887 -1.54956 3
-4.70599 -8.48674 -1.55054 3
-4.7013 -8.70992 -1.5515 3
-4.69721 -8.93287 -1.5527 3
-4.69335 -9.15352 -1.55329 3
-4.68978 -9.36872 -1.5544 3
-4.68657 -9.58298 -1.56198 3
-4.7172 -9.62252 -2.09101 0
-4.74427 -9.59448 -2.72114 1
-4.74751 -9.55893 -3.30175 1
-4.7311 -9.52501 -3.90532 0
-4.69887 -9.50832 -4.48313 0
-4.67984 -9.21848 1.54524 0
-4.66418 -8.9943 1.49282 0
-4.64098 -8.76879 1.46551 0
-4.60971 -8.54382 1.42949 0
-4.57741 -8.32196 1.42896 0
-4.55099 -8.09478 1.46947 0
-4.53632 -7.87504 1.51881 0
-4.53241 -7.65885 1.56365 0
-4.53753 -7.44623 -4.67868 0
-4.54371 -7.22589 -4.69149 0
-4.54766 -7.00787 -4.69332 0
-4.54992 -6.78189 -4.69532 0
-4.55179 -6.56015 -4.69677 0
-4.55164 -6.33945 1.56903 0
-4.55276 -6.11758 1.56699 0
-4.55365 -5.90271 -4.70321 0
-4.55602 -5.68052 -4.70585 0
-4.55487 -5.45593 1.55921 0
-4.55574 -5.23509 -4.71134 0
-4.55568 -5.01647 1.56908 0
-4.55459 -4.79401 1.56613 0
-4.55039 -4.57339 1.54762 0
-4.54927 -4.35261 1.55983 0
-4.54819 -4.12953 1.55643 0
-4.54717 -3.91394 1.56831 0
-4.5444 -3.68589 1.56411 3
-4.53817 -3.46043 1.54519 3
-4.53229 -3.23772 1.54114 3
-4.52763 -3.02182 1.55239 3
-4.52426 -2.79823 1.54961 3
-4.52513 -2.57017 -4.70874 3
-4.52961 -2.34873 -4.698 3
-4.53428 -2.1244 -4.68741 3
-4.543 -1.90806 -4.677 3
-4.55116 -1.68472 -4.68246 3
-4.55892 -1.46413 -4.67226 3
-4.56567 -1.238 -4.68943 3
-4.57247 -1.01704 -4.69925 3
-4.57823 -0.805048 -4.68991 3
-4.58327 -0.577282 -4.69617 3
-4.5891 -0.357438 -4.68263 3
-4.65644 -0.215192 -3.92172 3
-4.6816 -0.238456 -3.44162 1
-4.92574 -0.254368 -3.12822 1
-5.17189 -0.257049 -3.13401 1
-5.39749 -0.263572 -3.10864 1
-5.6152 -0.272986 -3.09834 1
-5.84065 -0.283308 -3.10319 1
-6.0661 -0.291345 -3.10828 1
-6.28184 -0.296201 -3.12844 1
-6.51104 -0.305608 -3.09402 1
-6.73174 -0.325439 -3.0448 1
-6.948 -0.352349 -3.01801 1
-7.16946 -0.380171 -3.02163 1
-7.35814 -0.401529 -3.02523 1
-7.58529 -0.429217 -3.01328 1
-7.86039 -0.460759 -3.0319 1
-8.07529 -0.481657 -3.05032 1
-8.30242 -0.503778 -3.05323 1
-8.5247 -0.524413 -3.05587 1
-8.74089 -0.545291 -3.04256 1
-8.96123 -0.56887 -3.04157 1
-9.18392 -0.58967 -3.04696 1
-9.41138 -0.610243 -3.04881 1
-9.60032 -0.64652 -2.88693 1
-9.62286 -0.693226 -2.34612 1
-9.58784 -0.701468 -1.78913 1
-9.54159 -0.735875 -1.16782 1
-9.41012 -0.830609 -0.642365 1
-9.22154 -0.936099 -0.471121 1
-9.018 -0.981016 -0.0516471 1
-8.78688 -0.927592 0.241117 1
-8.56719 -0.875905 0.224594 1
-8.35201 -0.837603 0.164213 1
-8.12566 -0.806123 0.131426 1
-7.89829 -0.783754 0.100772 1
-7.67201 -0.763506 0.102928 1
-7.46137 -0.738777 0.133946 1
-7.25729 -0.701882 0.182872 1
-7.03364 -0.664389 0.144495 1
-6.95066 -0.702627 -0.446848 1
-6.98912 -0.711176 -0.973296 1
-7.0108 -0.754994 -1.49987 0
-6.98606 -0.972931 -1.45899 0
-6.97631 -1.20329 -1.56739 0
-6.98949 -1.43836 -1.64533 0
-7.02078 -1.6733 -1.7132 0
-7.05373 -1.90698 -1.69309 0
-7.04455 -2.11913 -1.46588 0
-6.98374 -2.31936 -1.25627 0
-6.91829 -2.55242 -1.32532 0
-6.90437 -2.7651 -1.57245 0
-6.94351 -2.98924 -1.76045 0
-6.96803 -3.20172 -1.64626 0
-6.93697 -3.46436 -1.38493 0
-6.88943 -3.68002 -1.37111 0
-6.86099 -3.8949 -1.45866 0
-6.84356 -4.11942 -1.49849 0
-6.83074 -4.34602 -1.50655 0
-6.81405 -4.56428 -1.48328 0
-6.78878 -4.78177 -1.44747 0
-6.76477 -4.99487 -1.46439 0
-6.74046 -5.21772 -1.46567 0
-6.71851 -5.43966 -1.46663 0
-6.69688 -5.66464 -1.46821 0
-6.67812 -5.88465 -1.48486 0
-6.65447 -6.09821 -1.45491 0
-6.63197 -6.32272 -1.47172 0
-6.61093 -6.54481 -1.47294 3
-6.5919 -6.76544 -1.48522 3
-6.57385 -6.98723 -1.49062 3
-6.55965 -7.20722 -1.50747 3
-6.54578 -7.43506 -1.50859 3
-6.5296 -7.65307 -1.48201 3
-6.51477 -7.87508 -1.51069 3
-6.50018 -8.09382 -1.51178 3
-6.48569 -8.31552 -1.51279 3
-6.47059 -8.5397 -1.49827 3
-6.45457 -8.76281 -1.49918 3
-6.44 -8.98266 -1.51344 3
-6.42491 -9.19384 -1.50101 3
-6.40963 -9.42077 -1.50147 0
-6.39439 -9.64314 -1.50221 0
-6.3802 -9.84699 -1.50274 0
-6.41386 -9.9151 -2.13597 3
-6.43796 -9.88709 -2.7266 1
-6.44233 -9.8505 -3.31523 1
-6.42328 -9.81842 -3.91894 1
-6.3975 -9.80044 -4.42925 0
-6.43825 -9.55411 -4.553 0
-6.44631 -9.32562 -4.70707 0
-6.42822 -9.08097 1.46491 0
-6.38507 -8.84648 1.37064 0
-6.36914 -8.62757 -4.70454 0
-6.43684 -8.36569 -4.4174 0
-6.49409 -8.14025 -4.48387 0
-6.51249 -7.87292 -4.7024 0
-6.5051 -7.63803 1.53706 0
-6.50341 -7.41842 1.56652 0
-6.51106 -7.19903 -4.65637 0
-6.54065 -6.98123 -4.56525 0
-6.58421 -6.76748 -4.51493 0
-6.62391 -6.54335 -4.55329 0
-6.64793 -6.32903 -4.60186 0
-6.67 -6.10902 -4.60423 0
-6.69505 -5.88844 -4.60657 0
-6.71848 -5.67287 -4.60184 0
-6.74208 -5.44768 -4.6111 0
-6.76505 -5.22826 -4.61407 0
-6.78708 -5.00935 -4.61669 0
-6.80962 -4.78921 -4.6119 0
-6.83134 -4.56768 -4.61481 0
-6.85192 -4.33969 -4.62494 0
-6.87068 -4.12494 -4.6281 3
-6.88957 -3.90509 -4.63146 3
-6.90678 -3.6875 -4.63503 3
-6.92371 -3.46329 -4.63877 3
-6.93886 -3.24384 -4.64837 3
-6.9534 -3.01979 -4.66193 3
-6.96797 -2.798 -4.65066 3
-6.98095 -2.58106 -4.65476 3
-6.99372 -2.35686 -4.65896 3
-7.00611 -2.13906 -4.65236 3
-7.01694 -1.91792 -4.66778 3
-7.02723 -1.7358 -4.65691 3
-7.03716 -1.47697 -4.67706 3
-7.04551 -1.24912 -4.68225 3
-7.05243 -1.0301 -4.68756 3
-7.05902 -0.808005 -4.69302 3
-7.06295 -0.603189 -4.69905 3
-7.10162 -0.547308 -4.048 3
-7.12264 -0.577854 -3.4618 1
-7.34786 -0.596145 -3.12367 1
-7.57191 -0.613636 -3.05148 1
-7.79427 -0.634764 -3.0565 1
-8.01635 -0.65106 -3.06217 1
-8.24559 -0.671249 -3.05187 1
-8.46483 -0.692922 -3.0417 1
-8.67536 -0.738071 -2.90845 1
-8.88844 -0.795855 -2.8978 1
-9.10142 -0.842532 -2.93471 1
-9.32371 -0.879458 -2.98661 1
-9.55181 -0.910209 -3.00781 1
-9.64408 -0.953862 -2.42201 1
-9.61103 -0.971311 -1.82478 0
-9.55638 -1.21982 -1.44791 0
-9.53091 -1.43123 -1.45304 0
-9.50899 -1.6575 -1.48862 0
-9.49143 -1.88232 -1.50507 0
-9.47102 -2.10799 -1.47836 0
-9.43747 -2.33132 -1.40861 0
-9.39147 -2.54368 -1.34704 0
-9.33715 -2.75567 -1.32339 0
-9.29334 -2.97548 -1.39371 0
-9.26329 -3.20449 -1.45501 0
-9.24572 -3.43097 -1.5049 0
-9.23169 -3.65856 -1.50823 0
-9.20914 -3.87737 -1.44953 0
-9.16813 -4.08369 -1.35403 0
-9.11683 -4.29561 -1.33763 0
-9.07242 -4.50504 -1.36559 0
-9.02994 -4.72642 -1.38397 0
-8.98721 -4.94438 -1.3801 0
-8.94551 -5.15962 -1.38967 0
-8.90149 -5.38098 -1.37669 0
-8.86002 -5.59497 -1.37941 0
-8.81762 -5.8191 -1.38211 0
-8.77857 -6.03462 -1.3925 0
-8.74013 -6.25059 -1.40261 0
-8.70141 -6.47022 -1.40514 0
-8.66388 -6.68882 -1.40055 0
-8.62755 -6.91271 -1.41016 0
-8.59552 -7.13157 -1.43671 0
-8.56788 -7.35176 -1.44605 0
-8.54262 -7.57036 -1.44845 1
-8.51767 -7.78931 -1.46638 2
-8.4919 -8.01153 -1.46885 2
-8.46595 -8.23552 -1.45592 2
-8.44398 -8.45517 -1.46419 2
-8.42318 -8.66867 -1.47646 2
-8.40082 -8.89558 -1.47892 2
-8.38097 -9.11421 -1.4815 2
-8.36197 -9.32976 -1.48397 2
-8.34244 -9.55183 -1.48632 2
-8.32467 -9.77356 -1.48881 2
-8.30776 -10.001 -1.49121 2
-8.29669 -10.2089 -1.52444 2
-8.33334 -10.2365 -2.17832 2
-8.35577 -10.2071 -2.77232 1
-8.35675 -10.1711 -3.35057 1
-8.34065 -10.1372 -3.95053 1
-8.30951 -10.121 -4.5158 0
-8.31411 -9.8942 -4.63167 0
-8.32842 -9.66922 -4.64725 0
-8.34003 -9.44398 -4.6673 0
-8.35249 -9.22325 -4.65417 0
-8.36429 -9.005 -4.65629 0
-8.37531 -8.78249 -4.65863 0
-8.39152 -8.56021 -4.63013 0
-8.41003 -8.33599 -4.61799 0
-8.43158 -8.11158 -4.60477 0
-8.45532 -7.89497 -4.60663 0
-8.48564 -7.66935 -4.57832 0
-8.51921 -7.44687 -4.56548 0
-8.55359 -7.22659 -4.56815 0
-8.58289 -7.01322 -4.58626 0
-8.6122 -6.79227 -4.58901 0
-8.6415 -6.56635 -4.59185 0
-8.67106 -6.34311 -4.57927 0
-8.70967 -6.12173 -4.53405 0
-8.75844 -5.91126 -4.4921 0
-8.81202 -5.69771 -4.47949 0
-8.86 -5.4829 -4.49785 0
-8.90672 -5.26529 -4.5008 0
-8.9523 -5.04289 -4.50375 0
-8.99417 -4.83364 -4.50676 0
-9.03831 -4.61294 -4.5233 0
-9.08272 -4.39813 -4.5131 3
-9.1289 -4.18717 -4.50041 3
-9.17458 -3.96536 -4.51917 3
-9.21656 -3.74696 -4.52257 3
-9.25576 -3.52474 -4.54102 3
-9.29329 -3.30608 -4.54438 3
-9.3293 -3.08949 -4.54735 3
-9.36762 -2.87372 -4.5355 3
-9.40922 -2.65561 -4.52314 3
-9.44799 -2.437 -4.54207 3
-9.48764 -2.2156 -4.54536 3
-9.52523 -2.00071 -4.53856 3
-9.55991 -1.78811 -4.5471 3
-9.59701 -1.56616 -4.55622 3
-9.63176 -1.34961 -4.55983 3
-9.66479 -1.12749 -4.56397 3
-9.69978 -0.907255 -4.55198 3
-9.73151 -0.69472 -4.57093 3
-9.75673 -0.483483 -4.59066 3
-9.79309 -0.443236 -4.06771 3
-9.81321 -0.476584 -3.45248 3
-9.81227 -0.510598 -2.89736 1
-10.0256 -0.579357 -2.84622 1
-10.2372 -0.642421 -2.86668 1
-10.4489 -0.702811 -2.86976 1
-10.6646 -0.761766 -2.87618 1
-10.8769 -0.816909 -2.88856 1
-11.0961 -0.87312 -2.90168 1
-11.3122 -0.927979 -2.90793 1
-11.5252 -0.981813 -2.91213 1
-11.737 -1.0337 -2.90176 1
-11.9532 -1.08452 -2.9071 1
-12.1429 -1.13017 -2.88228 1
-12.1362 -1.16171 -2.21784 1
-12.1018 -1.17354 -1.63858 1
-12.047 -1.42915 -1.42344 0
-12.0191 -1.65169 -1.44417 0
-11.9912 -1.86959 -1.43666 0
-11.9582 -2.09315 -1.4219 0
-11.9211 -2.31297 -1.39434 0
-11.8857 -2.53247 -1.40018 0
-11.8502 -2.74755 -1.40347 0
-11.8076 -2.97085 -1.377 0
-11.7615 -3.18658 -1.36539 0
-11.7135 -3.40095 -1.35288 0
-11.6645 -3.62258 -1.35709 0
-11.6175 -3.83491 -1.36138 0
-11.5701 -4.05503 -1.3509 0
-11.5276 -4.26652 -1.3704 0
-11.4826 -4.48469 -1.37344 0
-11.4396 -4.70323 -1.37662 0
-11.3983 -4.91739 -1.38078 0
-11.3558 -5.14108 -1.38312 0
-11.3155 -5.35559 -1.38808 0
-11.2759 -5.57506 -1.39179 0
-11.2368 -5.78939 -1.39479 0
-11.1973 -6.01338 -1.39828 0
-11.1605 -6.22562 -1.39899 0
-11.1223 -6.44918 -1.40418 0
-11.0852 -6.66949 -1.40738 0
-11.0486 -6.88468 -1.41038 3
-11.0118 -7.10634 -1.39788 3
-10.9777 -7.32142 -1.41206 3
-10.9432 -7.54185 -1.41922 3
-10.9073 -7.75791 -1.40682 3
-10.8705 -7.98315 -1.39999 3
-10.8316 -8.20614 -1.39159 3
-10.7929 -8.4221 -1.39996 3
-10.7535 -8.64207 -1.40252 3
-10.7148 -8.85547 -1.39668 3
-10.676 -9.07763 -1.3997 3
-10.6383 -9.29896 -1.39492 3
-10.6013 -9.51875 -1.39732 3
-10.5655 -9.73769 -1.40737 3
-10.5301 -9.95175 -1.41731 3
-10.4959 -10.1671 -1.4197 3
-10.515 -10.2741 -2.03749 3
-10.5416 -10.2485 -2.62953 1
-10.547 -10.2114 -3.23605 1
-10.5346 -10.1784 -3.81191 1
-10.5037 -10.1585 -4.41833 0
-10.5225 -9.91323 -4.60423 0
-10.5451 -9.69131 -4.60575 0
-10.5654 -9.47163 -4.62318 0
-10.586 -9.24439 -4.62589 0
-10.6056 -9.02696 -4.62745 0
-10.6247 -8.80472 -4.62889 0
-10.6414 -8.58936 -4.64564 0
-10.6615 -8.36223 -4.6179 0
-10.6821 -8.13959 -4.61907 0
-10.7084 -7.91817 -4.59006 0
-10.7414 -7.6924 -4.56082 0
-10.7783 -7.48215 -4.53153 0
-10.8264 -7.26679 -4.48596 0
-10.8785 -7.05225 -4.47323 0
-10.9282 -6.83271 -4.49049 0
-10.977 -6.61568 -4.49239 0
-11.023 -6.40215 -4.49406 0
-11.0683 -6.18619 -4.51109 0
-11.1158 -5.9711 -4.49738 0
-11.1805 -5.67654 -4.4999 0
-11.2239 -5.47467 -4.5014 3
-11.2726 -5.2519 -4.48831 3
-11.3185 -5.03559 -4.5027 3
-11.3649 -4.81695 -4.50708 3
-11.412 -4.59484 -4.50911 3
-11.457 -4.38314 -4.50771 3
-11.503 -4.16567 -4.49752 3
-11.5462 -3.94953 -4.51473 3
-11.5904 -3.73196 -4.51651 3
-11.6341 -3.51481 -4.52303 3
-11.6765 -3.29856 -4.52012 3
-11.7198 -3.08005 -4.52166 3
-11.7631 -2.86414 -4.50768 3
-11.8057 -2.64533 -4.5092 3
-11.8471 -2.42981 -4.5206 3
-11.8886 -2.21512 -4.52749 3
-11.9313 -1.99461 -4.52877 3
-11.9738 -1.77445 -4.52052 3
-12.0144 -1.55764 -4.52509 3
-12.056 -1.33991 -4.53243 3
-12.0964 -1.12576 -4.53348 3
-12.1346 -0.905922 -4.54981 3
-12.1244 -0.683716 1.32467 3
-12.0672 -0.648474 0.797379 3
-11.84 -0.557802 0.277084 1
-11.5524 -0.531679 0.0667173 1
-11.3172 -0.525756 0.0189636 1
-11.0833 -0.520574 0.0251068 1
-10.8716 -0.510542 0.0627227 1
-10.6645 -0.482534 0.161181 1
-10.4638 -0.437038 0.221413 1
-10.2429 -0.397612 0.164653 1
-10.0198 -0.365108 0.147301 1
-9.79999 -0.334061 0.139124 1
-9.57435 -0.305282 0.121816 1
-9.35866 -0.27835 0.129242 1
-9.14112 -0.241141 0.174044 1
-8.93065 -0.202741 0.178018 1
-8.7061 -0.162523 0.176013 1
-8.48338 -0.127276 0.158523 1
-8.26308 -0.0922657 0.156499 1
-8.04583 -0.0552508 0.170009 1
-7.83407 -0.0161577 0.183337 1
-7.61435 0.0265905 0.185845 1
-7.39566 0.0666165 0.179019 1
-7.17108 0.107067 0.176793 1
-6.95995 0.144606 0.174504 1
-6.7412 0.183007 0.172281 1
-6.52129 0.221523 0.169954 1
-6.30132 0.25911 0.167553 1
-6.08164 0.298759 0.165057 1
-5.86939 0.337275 0.177885 1
-5.64359 0.378837 0.190607 1
-5.42722 0.422718 0.203234 1
-5.20915 0.467056 0.200311 1
-4.99489 0.508352 0.197317 1
-4.77719 0.552785 0.194112 1
-4.55527 0.602888 0.221703 1
-4.3393 0.648181 0.20291 1
-4.12123 0.694067 0.199361 1
-3.90334 0.739453 0.195684 1
-3.69454 0.780706 0.192465 1
-3.47546 0.832088 0.234948 1
-3.26045 0.89026 0.2609 1
-3.04434 0.95145 0.272056 1
-2.83632 1.00699 0.253584 1
-2.62127 1.0633 0.247766 1
-2.40609 1.11806 0.243103 1
-2.1902 1.17227 0.238272 1
-1.97801 1.2237 0.233342 1
-1.76699 1.27375 0.228222 1
-1.54527 1.3252 0.222967 1
-1.32844 1.37419 0.217444 1
-1.11762 1.42298 0.227174 1
-0.900154 1.47139 0.221294 1
-0.685733 1.52014 0.234089 1
-0.477824 1.58969 0.343639 1
-0.443454 1.66394 1.09976 1
-0.479855 1.6553 -4.63274 1
-0.545849 1.90536 -4.49906 1
-0.592478 2.12355 -4.50321 0
-0.648739 2.3398 -4.44051 0
-0.714346 2.55184 -4.42045 0
-0.768185 2.76911 -4.49394 0
-0.811275 2.98673 -4.52312 0
-0.860505 3.21939 -4.49597 0
-0.91312 3.43067 -4.4558 0
-0.9794 3.63428 -4.38864 0
-1.05008 3.83844 -4.38315 0
-1.11885 4.05241 -4.40178 0
-1.18513 4.26664 -4.42038 0
-1.25067 4.47545 -4.40904 0
-1.31635 4.68496 -4.41232 0
-1.38096 4.89453 -4.41539 0
-1.44584 5.10676 -4.41829 0
-1.50853 5.31801 -4.42863 0
-1.57114 5.52727 -4.42403 0
-1.63437 5.74223 -4.42685 0
-1.69415 5.94873 -4.42939 0
-1.75726 6.16733 -4.43196 0
-1.81754 6.37822 -4.4346 0
-1.8781 6.58932 -4.42663 0
-1.93796 6.8035 -4.43848 0
-1.99683 7.0146 -4.44091 0
-2.0583 7.234 -4.44296 0
-2.11677 7.44518 -4.44507 0
-2.17502 7.65561 -4.43597 0
-2.23247 7.86918 -4.44824 0
-2.29044 8.08446 -4.44967 0
-2.34898 8.30487 -4.45096 0
-2.40417 8.51199 -4.45234 0
-2.45992 8.72658 -4.45361 1
-2.51479 8.93758 -4.45488 1
-2.57053 9.15455 -4.45608 1
-2.62576 9.36909 -4.45718 1
-2.67886 9.58671 -4.47377 1
-2.73486 9.80054 -4.45944 1
-2.78838 10.0116 -4.46068 1
-2.84263 10.2285 -4.46165 1
-2.89584 10.4438 -4.46252 1
-2.95318 10.6615 -4.44781 1
-3.0136 10.8803 -4.44579 1
-3.0744 11.0968 -4.4362 1
-3.13479 11.3077 -4.43396 1
-3.19572 11.5112 -4.40566 1
-3.1946 11.6114 1.31361 1
-3.16171 11.5933 0.707934 1
-3.14685 11.56 0.12034 1
-3.15323 11.5238 -0.470072 1
-3.17853 11.4974 -1.05897 0
-3.13107 11.2444 -1.35534 0
-3.09405 11.0166 -1.43403 0
-3.08095 10.7792 -1.52838 0
-3.08378 10.5364 -1.59108 0
-3.0678 10.3274 -1.4197 0
-2.94922 10.088 -1.09863 0
-2.84976 9.87423 -1.14806 0
-2.78493 9.67603 -1.27387 0
-2.72898 9.46055 -1.30418 0
-2.66414 9.25072 -1.25924 0
-2.5965 9.05305 -1.23053 0
-2.52223 8.83758 -1.23417 0
-2.45411 8.62635 -1.26493 0
-2.38611 8.41398 -1.26699 0
-2.31761 8.20385 -1.25385 0
-2.25232 7.99593 -1.25626 0
-2.1848 7.78067 -1.27164 0
-2.11704 7.57228 -1.26094 0
-2.05201 7.36331 -1.26329 0
-1.98624 7.1507 -1.26576 3
-1.92175 6.93973 -1.28376 3
-1.85482 6.72461 -1.27118 3
-1.79298 6.51295 -1.28951 3
-1.7304 6.29988 -1.29249 3
-1.6749 6.0879 -1.32641 3
-1.62616 5.86997 -1.36027 3
-1.5831 5.64042 -1.39807 3
-1.54346 5.41174 -1.39692 3
-1.49831 5.19745 -1.35355 3
-1.44516 4.99853 -1.2945 3
-1.37976 4.7866 -1.26629 3
-1.31354 4.5728 -1.2737 3
-1.25307 4.35886 -1.30291 3
-1.19311 4.14401 -1.30557 3
-1.13469 3.93391 -1.30836 3
-1.0764 3.71778 -1.30577 3
-1.0167 3.50741 -1.293 3
-0.960429 3.29596 -1.33219 3
-0.985146 3.12858 -1.91021 3
-1.10897 3.03107 -2.46374 1
-1.30028 2.94484 -2.76058 1
-1.53958 2.89019 -2.96524 1
-1.78259 2.87326 -3.06615 1
-2.00128 2.7783 -2.62907 1
-2.18251 2.64131 -2.49676 1
-2.37955 2.50115 -2.55291 1
-2.56885 2.40508 -2.71839 1
-2.76404 2.35113 -2.89827 1
-2.99897 2.30921 -2.98449 1
-3.22156 2.28368 -3.05603 1
-3.2566 2.31696 -3.73222 1
-3.23314 2.3431 -4.2909 0
-3.33315 2.61997 -4.36089 0
-3.40543 2.83533 -4.40895 0
-3.46464 3.0519 -4.45692 0
-3.51976 3.26887 -4.46176 0
-3.57216 3.48081 -4.46564 0
-3.62766 3.69717 -4.46211 0
-3.68199 3.9132 -4.46573 0
-3.73488 4.12874 -4.48134 0
-3.78325 4.34887 -4.49947 0
-3.82637 4.57048 -4.51642 0
-3.87774 4.79542 -4.47157 0
-3.93601 4.99794 -4.42652 0
-3.99806 5.20759 -4.42809 0
-4.0597 5.41698 -4.42985 0
-4.12118 5.63675 -4.43123 0
-4.17881 5.84987 -4.4478 0
-4.23784 6.06429 -4.44938 0
-4.29642 6.27272 -4.43543 0
-4.35803 6.48749 -4.43677 0
-4.4199 6.70712 -4.43867 0
-4.48404 6.92089 -4.40933 0
-4.55631 7.13115 -4.37609 0
-4.63441 7.33576 -4.35042 0
-4.70698 7.54657 -4.38275 0
-4.77759 7.75303 -4.38403 1
-4.85126 7.96584 -4.38009 1
-4.92491 8.17739 -4.38609 1
-4.9958 8.37754 -4.3717 1
-5.07035 8.59299 -4.37264 1
-5.14084 8.80125 -4.38338 1
-5.21239 9.00833 -4.39022 1
-5.2859 9.2245 -4.39082 1
-5.35611 9.43118 -4.3917 1
-5.42863 9.64483 -4.37737 1
-5.49854 9.85438 -4.37801 1
-5.56606 10.0615 -4.39425 1
-5.6363 10.2707 -4.39491 1
-5.70783 10.4822 -4.38009 1
-5.77381 10.6848 -4.39597 0
-5.75937 10.7556 1.29269 1
-5.7298 10.7333 0.686869 1
-5.71606 10.7 0.0976685 1
-5.72128 10.6645 -0.48157 1
-5.74671 10.6376 -1.07491 0
-5.67105 10.3583 -1.24042 0
-5.59884 10.1511 -1.2411 0
-5.5263 9.9322 -1.25721 0
-5.46141 9.72322 -1.28518 0
-5.40406 9.50833 -1.32075 0
-5.34819 9.29227 -1.32223 0
-5.29206 9.07908 -1.30763 0
-5.23148 8.86185 -1.29332 0
-5.17483 8.65326 -1.30977 0
-5.1168 8.43874 -1.31103 0
-5.06234 8.22757 -1.31256 0
-5.00572 8.00741 -1.31371 0
-4.95269 7.79852 -1.33036 0
-4.90216 7.60353 -1.31604 0
-4.83243 7.36441 -1.27148 0
-4.76601 7.16213 -1.24196 0
-4.69268 6.94628 -1.24278 0
-4.62749 6.73808 -1.27492 0
-4.56105 6.52494 -1.27589 0
-4.49343 6.30714 -1.2773 0
-4.42996 6.10094 -1.26332 0
-4.36456 5.88548 -1.28014 0
-4.30158 5.67588 -1.28136 3
-4.22936 5.46175 -1.23633 3
-4.15413 5.25537 -1.22188 3
-4.07563 5.04829 -1.20805 3
-3.99471 4.83583 -1.2093 3
-3.92138 4.63166 -1.22609 3
-3.84465 4.42217 -1.22731 3
-3.76983 4.21716 -1.22893 3
-3.69374 4.00949 -1.21884 3
-3.61831 3.79905 -1.21549 3
-3.54124 3.59014 -1.22139 3
-3.46546 3.38289 -1.2179 3
-3.39138 3.17626 -1.21888 3
-3.31505 2.96704 -1.2198 3
-3.23921 2.75739 -1.22064 3
-3.16681 2.54718 -1.23679 3
-3.11125 2.34797 -1.32758 3
-3.16196 2.21098 -2.00943 3
-3.31591 2.09391 -2.52755 1
-3.5156 1.9922 -2.6929 1
-3.73895 1.90732 -2.79343 1
-3.96642 1.84758 -2.90212 1
-4.19213 1.7966 -2.91055 1
-4.39078 1.72285 -2.73293 1
-4.6108 1.58397 -2.56249 1
-4.80596 1.47784 -2.67838 1
-5.01776 1.40933 -2.87248 1
-5.24406 1.38716 -3.10719 1
-5.41895 1.46351 -3.78863 1
-5.42059 1.51145 -4.31186 0
-5.48694 1.73734 -4.40986 0
-5.55197 1.95358 -4.42516 0
-5.61613 2.16689 -4.42514 0
-5.67926 2.37726 -4.42527 0
-5.74386 2.58643 -4.40998 0
-5.81007 2.80456 -4.41027 0
-5.87482 3.01795 -4.41058 0
-5.93945 3.22613 -4.41095 0
-6.00252 3.43622 -4.41138 0
-6.06556 3.64614 -4.42728 0
-6.13145 3.85702 -4.41237 0
-6.19795 4.07517 -4.41295 0
-6.26313 4.2885 -4.41364 0
-6.32588 4.4894 -4.4014 0
-6.39162 4.70589 -4.41526 0
-6.45714 4.91918 -4.41612 0
-6.5208 5.12839 -4.4171 0
-6.58568 5.34617 -4.41807 0
-6.64755 5.55079 -4.41912 0
-6.71335 5.76922 -4.42022 0
-6.77777 5.9826 -4.42142 0
-6.84066 6.18905 -4.40725 1
-6.90834 6.40179 -4.40839 1
-6.9764 6.61139 -4.39417 1
-7.0497 6.82441 -4.37998 1
-7.12191 7.03538 -4.38137 1
-7.19192 7.24182 -4.38268 1
-7.26503 7.45465 -4.36848 1
-7.3376 7.66341 -4.38391 1
-7.41239 7.87151 -4.37102 1
-7.48675 8.08133 -4.37219 1
-7.56392 8.29352 -4.35595 1
-7.64646 8.49234 -4.31266 0
-7.73701 8.69843 -4.3004 1
-7.82378 8.90178 -4.31464 1
-7.91187 9.10499 -4.30008 1
-8.00168 9.31357 -4.3008 1
-8.0877 9.51411 -4.30155 1
-8.1761 9.71758 -4.3023 1
-8.25888 9.90907 -4.30623 1
-8.24232 9.96026 1.33225 1
-8.21005 9.94055 0.712134 1
-8.19388 9.9086 0.133421 1
-8.19977 9.87233 -0.455607 1
-8.22417 9.84587 -1.03383 0
-8.13063 9.62418 -1.14759 0
-8.05456 9.41907 -1.23215 0
-7.98875 9.20003 -1.29557 0
-7.93897 8.97727 -1.35894 0
-7.89885 8.75796 -1.3912 0
-7.85721 8.53019 -1.38464 0
-7.81267 8.31639 -1.35498 0
-7.75758 8.11339 -1.29441 0
-7.69246 7.90312 -1.27148 0
-7.6294 7.68817 -1.2975 0
-7.57278 7.46744 -1.32038 0
-7.51384 7.24769 -1.30636 0
-7.44756 7.03472 -1.25644 0
-7.36849 6.83301 -1.18591 0
-7.28425 6.62948 -1.18303 0
-7.20312 6.41874 -1.20073 0
-7.11767 6.2051 -1.19095 0
-7.03565 6.00207 -1.18965 0
-6.95408 5.80233 -1.1766 0
-6.86854 5.59378 -1.19223 0
-6.78573 5.39112 -1.19519 0
-6.70347 5.18374 -1.19967 0
-6.62339 4.97541 -1.20232 3
-6.54212 4.77002 -1.18943 3
-6.45672 4.56105 -1.17678 3
-6.37261 4.35955 -1.17953 3
-6.28857 4.15268 -1.1825 3
-6.20923 3.9517 -1.20006 3
-6.12484 3.73969 -1.20452 3
-6.0433 3.53192 -1.20808 3
-5.9638 3.32317 -1.21176 3
-5.88698 3.11851 -1.21321 3
-5.80949 2.91483 -1.2196 3
-5.72999 2.70859 -1.20825 3
-5.65109 2.50008 -1.21262 3
-5.57351 2.28716 -1.2286 3
-5.4974 2.08132 -1.22556 3
-5.43585 1.87171 -1.32355 3
-5.42135 1.67553 -1.55486 3
-5.5078 1.51117 -2.19543 3
-5.72206 1.34017 -2.51476 1
-5.93872 1.21529 -2.65893 1
-6.15305 1.1233 -2.72963 1
-6.33522 1.01084 -2.5423 1
-6.52095 0.823732 -2.32647 1
-6.68661 0.676919 -2.46107 1
-6.87562 0.558432 -2.60456 1
-7.08553 0.456246 -2.71698 1
-7.30668 0.412326 -3.1007 1
-7.37595 0.458932 -3.59291 1
-7.53787 0.628111 -4.01387 1
-7.651 0.874598 -4.35023 0
-7.71324 1.1127 -4.4917 0
-7.75765 1.34304 -4.51112 0
-7.82746 1.53746 -4.32023 0
-7.96246 1.76806 -4.17841 0
-8.06714 1.97069 -4.25969 0
-8.15369 2.17167 -4.32025 0
-8.23536 2.38851 -4.36079 0
-8.31363 2.6024 -4.36508 0
-8.39289 2.8037 -4.32818 0
-8.47995 2.99873 -4.2966 0
-8.57051 3.19801 -4.28577 0
-8.6598 3.4076 -4.32145 0
-8.74501 3.61371 -4.32644 0
-8.82624 3.81726 -4.33162 0
-8.90548 4.02147 -4.35246 0
-8.98661 4.22605 -4.34265 0
-9.06734 4.43378 -4.34838 0
-9.14876 4.64609 -4.35465 0
-9.22584 4.84974 -4.3612 0
-9.30322 5.051 -4.35247 0
-9.38278 5.26428 -4.35978 0
-9.4571 5.47039 -4.36748 0
-9.53072 5.67932 -4.37561 0
-9.60521 5.8935 -4.38377 1
-9.67577 6.09783 -4.38065 1
-9.7506 6.31333 -4.38616 1
-9.82155 6.52043 -4.39542 1
-9.89198 6.72922 -4.38977 1
-9.96282 6.94087 -4.38813 1
-10.0327 7.15301 -4.39557 1
-10.1013 7.36942 -4.40677 1
-10.1684 7.57415 -4.4032 1
-10.2329 7.78492 -4.41852 1
-10.2962 7.99216 -4.42807 1
-10.3611 8.20686 -4.42588 1
-10.4194 8.41546 -4.44299 1
-10.4767 8.63215 -4.47014 1
-10.5283 8.83713 -4.4986 1
-10.501 8.86988 1.2009 1
-10.4722 8.84692 0.593288 1
-10.4612 8.81193 -0.0128215 1
-10.4721 8.77705 -0.620237 1
-10.5007 8.75781 -1.21027 0
-10.5147 8.60112 -1.57093 0
-10.4999 8.38592 -1.37211 0
-10.3255 8.1636 -0.99139 0
-10.2065 7.9721 -1.03573 0
-10.0973 7.78751 -1.05137 0
-9.98351 7.58984 -1.06611 0
-9.87875 7.39986 -1.08025 0
-9.77309 7.20349 -1.09367 0
-9.66919 7.00447 -1.10647 0
-9.5707 6.81184 -1.10822 0
-9.46608 6.60778 -1.09931 0
-9.36072 6.41313 -1.07941 0
-9.25865 6.21866 -1.08986 0
-9.15551 6.01671 -1.10932 0
-9.05362 5.81945 -1.09372 0
-8.94889 5.61732 -1.10265 0
-8.84552 5.42184 -1.08018 0
-8.74023 5.23118 -1.07273 0
-8.63283 5.04078 -1.06488 0
-8.52387 4.84617 -1.07216 0
-8.41791 4.65287 -1.07908 0
-8.31285 4.45146 -1.0933 3
-8.21017 4.25366 -1.09954 3
-8.11129 4.06059 -1.11352 3
-8.00979 3.85919 -1.11937 3
-7.91186 3.66423 -1.10947 3
-7.81398 3.46363 -1.11475 3
-7.71735 3.2637 -1.12637 3
-7.62196 3.06372 -1.14042 3
-7.52614 2.86014 -1.14535 3
-7.43421 2.66194 -1.13459 3
-7.34176 2.45856 -1.13934 3
-7.25434 2.26157 -1.15927 3
-7.16229 2.0556 -1.15853 3
-7.07228 1.85136 -1.15267 3
-6.98351 1.64661 -1.15697 3
-6.89638 1.4412 -1.16123 3
-6.81339 1.2422 -1.18092 3
-6.72753 1.03589 -1.18517 3
-6.64244 0.829776 -1.18943 3
-6.55803 0.621241 -1.18188 3
-6.47908 0.423955 -1.19806 3
-6.39569 0.210757 -1.21485 3
-6.33328 0.00984277 -1.3074 3
-6.3844 -0.160019 -1.94705 3
-6.49998 -0.338291 -2.17316 1
-6.66086 -0.509415 -2.37786 1
-6.85782 -0.651341 -2.57126 1
-7.07104 -0.761171 -2.68725 1
-7.25744 -0.86973 -2.58598 1
-7.44841 -1.03886 -2.38767 1
-7.62141 -1.18282 -2.50054 1
-7.81236 -1.29429 -2.64791 1
-8.03545 -1.38857 -2.77659 1
-8.26734 -1.45867 -2.8755 1
-8.4772 -1.50688 -2.92795 1
-8.73077 -1.54976 -2.99579 1
-8.94247 -1.49837 -3.62093 1
-9.09723 -1.3129 -4.0945 1
-9.18223 -1.09909 -4.4062 1
-9.22849 -0.850804 -4.56696 1
-9.31691 -0.628301 -4.16646 1
-9.45137 -0.474802 -3.99339 1
-9.46253 -0.391457 -4.58343 0
-9.4295 -0.121985 1.49513 0
-9.41159 0.0990734 1.49026 0
-9.39537 0.314965 1.5006 0
-9.37804 0.537253 1.49891 0
-9.37379 0.762027 1.56778 0
-9.3871 0.984292 -4.62765 0
-9.42301 1.2028 -4.53978 0
-9.45748 1.42531 -4.5798 0
-9.47048 1.63441 -4.66427 1
-9.58168 1.83266 -4.21858 0
-9.69395 2.02032 -4.17893 0
-9.80704 2.21696 -4.20868 0
-9.91182 2.41443 -4.23496 0
-10.0155 2.61485 -4.23937 0
-10.1184 2.81211 -4.22219 0
-10.2303 3.00819 -4.18901 0
-10.3515 3.19123 -4.12222 0
-10.4694 3.37906 -4.17944 0
-10.5734 3.58034 -4.25379 0
-10.6722 3.7871 -4.26596 0
-10.7785 3.99481 -4.22291 0
-10.9296 4.21241 -4.05606 0
-11.066 4.37297 -4.02835 0
-11.1846 4.55785 -4.17983 1
-11.2834 4.77893 -4.3301 1
-11.3627 5.00939 -4.40238 1
-11.4327 5.23134 -4.38848 1
-11.5352 5.40572 -4.11305 1
-11.6783 5.55623 -3.94841 1
-11.8383 5.7365 -4.0181 1
-11.9505 5.9209 -4.21309 1
-12.0505 6.13595 -4.2838 1
-12.1409 6.34686 -4.31835 1
-12.2348 6.55152 -4.26486 1
-12.34 6.73198 -4.17052 1
-12.5081 6.94329 -4.00406 1
-12.647 7.11809 -4.06913 1
-12.7626 7.31157 -4.20787 1
-12.8579 7.53785 -4.35078 1
-12.8802 7.68101 1.43627 1
-12.8467 7.66305 0.830279 1
-12.8298 7.62922 0.222966 1
-12.8271 7.59377 -0.338649 1
-12.8442 7.57114 -0.793886 0
-12.7405 7.30468 -1.16774 0
-12.6675 7.0881 -1.26334 0
-12.6058 6.86628 -1.3123 0
-12.5526 6.63811 -1.34575 0
-12.501 6.43315 -1.316 0
-12.4248 6.23176 -1.17772 0
-12.3208 6.03768 -1.0748 0
-12.2076 5.82753 -1.07926 0
-12.1124 5.62761 -1.14342 0
-12.0418 5.43582 -1.23634 0
-11.957 5.22386 -1.17426 0
-11.8588 5.03489 -1.08411 0
-11.7455 4.83752 -1.05843 0
-11.6378 4.64233 -1.06125 0
-11.5336 4.44521 -1.09498 0
-11.4296 4.25034 -1.07857 0
-11.3146 4.06321 -1.00794 0
-11.1947 3.87834 -0.995192 0
-11.0772 3.69116 -1.01755 0
-10.9516 3.49605 -0.985162 0
-10.8207 3.31589 -0.925938 0
-10.6813 3.14851 -0.866555 0
-10.536 2.98232 -0.853803 0
-10.3937 2.81285 -0.87741 0
-10.2464 2.64539 -0.838165 0
-10.1013 2.49209 -0.809532 0
-9.94179 2.33492 -0.787156 0
-9.7938 2.16723 -0.888864 0
-9.67393 1.97283 -1.04638 0
-9.57979 1.7487 -1.21932 3
-9.52347 1.51514 -1.37666 3
-9.47818 1.2957 -1.356 3
-9.41259 1.10197 -1.21091 3
-9.3197 0.878582 -1.22329 3
-9.33637 0.839831 -1.62507 3
-9.34463 0.61748 -1.61159 3
-9.36118 0.392369 -1.65959 3
-9.39416 0.164134 -1.70738 1
-9.43034 -0.0688453 -1.71904 1
-9.4538 -0.293929 -1.66336 1
-9.4663 -0.499975 -1.61802 1
-9.49864 -0.74401 -1.80619 1
-9.58921 -0.837359 -2.30582 1
-9.75328 -0.976212 -2.45027 1
-9.94365 -1.11322 -2.53183 1
-10.1373 -1.23751 -2.57801 1
-10.33 -1.35424 -2.59362 1
-10.5217 -1.47184 -2.58122 1
-10.6926 -1.58544 -2.54979 1
-10.782 -1.60021 -3.23616 1
-10.755 -1.56485 -3.91147 1
-10.7313 -1.54987 -4.35164 0
-10.8567 -1.33559 -4.21398 0
-10.9625 -1.13904 -4.21363 0
-11.0641 -0.946414 -4.21472 0
-11.1668 -0.750734 -4.22833 0
-11.2706 -0.553462 -4.22865 0
-11.3757 -0.348765 -4.24351 0
-11.4744 -0.153877 -4.24425 0
-11.5721 0.0433422 -4.25992 0
-11.6715 0.239963 -4.24498 0
-11.7729 0.434945 -4.23026 0
-11.878 0.63132 -4.23098 0
-11.9787 0.822089 -4.21628 0
-12.0866 1.0227 -4.21716 0
-12.191 1.21985 -4.21809 0
-12.2928 1.41516 -4.23481 0
-12.3944 1.60862 -4.23607 0
-12.4962 1.8071 -4.23742 0
-12.5937 2.0056 -4.25437 0
-12.6969 2.21095 -4.2405 0
-12.7984 2.40896 -4.23966 0
-12.9041 2.59735 -4.19764 0
-13.0158 2.78471 -4.16858 0
-13.1319 2.97252 -4.15508 0
-13.2452 3.16458 -4.18804 0
-13.3582 3.3573 -4.19016 0
-13.4671 3.54633 -4.1925 0
-13.5806 3.74416 -4.19489 1
-13.6868 3.93583 -4.21273 1
-13.7937 4.12793 -4.21518 1
-13.8999 4.32414 -4.21768 1
-14.0047 4.52117 -4.22013 1
-14.1132 4.71917 -4.20714 1
-14.2211 4.90927 -4.19425 1
-14.3323 5.09702 -4.18149 1
-14.4415 5.28455 -4.19191 1
-14.5542 5.48121 -4.20226 1
-14.6637 5.67513 -4.20506 1
-14.7723 5.8696 -4.20787 1
-14.8812 6.06344 -4.21066 1
-14.9871 6.25037 -4.19812 1
-15.0936 6.43746 -4.19512 1
-15.0975 6.5235 1.42006 1
-15.0663 6.50604 0.832493 1
-15.0461 6.47509 0.224242 1
-15.0487 6.43881 -0.367916 1
-15.0453 6.38561 -0.912321 0
-14.9244 6.15613 -1.11853 0
-14.8363 5.9299 -1.22913 0
-14.7731 5.69887 -1.31466 0
-14.7209 5.47795 -1.31719 0
-14.6495 5.28612 -1.18157 0
-14.5101 5.06422 -0.982264 0
-14.3923 4.86897 -1.05914 0
-14.2918 4.66633 -1.12503 0
-14.1945 4.45076 -1.15674 0
-14.0988 4.24059 -1.13124 0
-13.9922 4.05407 -1.02675 0
-13.8697 3.89601 -0.889157 0
-13.7304 3.73711 -0.859169 0
-13.5932 3.56428 -0.907632 0
-13.4589 3.38447 -0.925852 0
-13.3279 3.20807 -0.942656 0
-13.1978 3.04003 -0.913846 0
-13.0579 2.8607 -0.915827 0
-12.9215 2.68181 -0.932992 0
-12.7887 2.50311 -0.935323 0
-12.6591 2.32462 -0.953676 0
-12.537 2.14465 -0.986957 0
-12.4131 1.9635 -0.973604 0
-12.2863 1.77475 -0.97554 0
-12.1661 1.58759 -1.00865 3
-12.0546 1.40058 -1.04172 3
-11.9446 1.20371 -1.05937 3
-11.8354 1.01205 -1.04645 3
-11.7265 0.823197 -1.04969 3
-11.6184 0.630876 -1.06736 3
-11.5094 0.439626 -1.05511 3
-11.3975 0.240877 -1.05816 3
-11.2891 0.0464545 -1.0614 3
-11.1832 -0.14663 -1.07943 3
-11.0782 -0.337958 -1.08388 3
-10.9732 -0.531641 -1.07218 3
-10.8648 -0.732025 -1.07613 3
-10.7587 -0.928099 -1.08023 3
-10.6564 -1.12312 -1.09838 3
-10.5571 -1.31225 -1.10446 3
-10.4889 -1.49584 -1.30011 3
-10.5203 -1.59329 -1.83209 3
-10.6524 -1.74075 -2.33071 1
-10.8238 -1.88556 -2.47372 1
-11.0108 -1.99482 -2.64724 1
-11.2238 -2.09438 -2.73104 1
-11.4407 -2.18499 -2.7525 1
-11.6506 -2.27931 -2.70944 1
-11.8287 -2.38089 -2.60885 1
-12.004 -2.4897 -2.60315 1
-12.2021 -2.57545 -2.78751 1
-12.3856 -2.54534 -3.4978 1
-12.5218 -2.41628 -3.8955 0
-12.6773 -2.2575 -3.94429 0
-12.8347 -2.08842 -3.97109 0
-12.9799 -1.92582 -3.9883 0
-13.1172 -1.75772 -4.04069 0
-13.2446 -1.58283 -4.09802 0
-13.3697 -1.39286 -4.14452 0
-13.4874 -1.2006 -4.17529 0
-13.602 -1.00848 -4.18584 0
-13.7182 -0.813477 -4.1752 0
-13.833 -0.625168 -4.17385 0
-13.9497 -0.438606 -4.15285 0
-14.0638 -0.256266 -4.15669 0
-14.1837 -0.0710796 -4.14503 0
-14.3039 0.111205 -4.13287 0
-14.4267 0.299966 -4.13596 0
-14.5503 0.487278 -4.13044 0
-14.6673 0.669608 -4.14151 0
-14.7884 0.85707 -4.14411 0
-14.9069 1.03695 -4.13077 0
-15.0282 1.22446 -4.1327 0
-15.1523 1.41563 -4.13416 0
-15.2709 1.6016 -4.15108 0
-15.39 1.78442 -4.13666 0
-15.5088 1.97051 -4.13819 0
-15.6292 2.15816 -4.13878 0
-15.7487 2.34524 -4.14556 0
-15.8691 2.53266 -4.14573 1
-15.9693 2.68747 -4.13931 1
-16.1086 2.90438 -4.13919 1
-16.2337 3.09431 -4.12326 1
-16.3578 3.27633 -4.11705 1
-16.4816 3.45952 -4.10613 1
-16.609 3.63976 -4.08976 1
-16.7404 3.81855 -4.08337 1
-16.8772 3.9977 -4.0562 1
-17.0189 4.16437 -4.00839 1
-17.1678 4.33008 -3.9756 1
-17.3136 4.49205 -3.97358 1
-17.4599 4.65939 -3.99784 1
-17.6092 4.82998 -3.99948 1
-17.7512 4.99173 -3.99282 1
-17.775 5.06466 -4.54151 1
-17.7378 5.05817 1.14017 1
-17.7106 5.03411 0.554466 1
-17.699 5.00084 -0.0153048 1
-17.7104 4.96618 -0.60242 0
-17.5525 4.77683 -0.851097 0
-17.4209 4.59024 -0.970955 0
-17.3045 4.38009 -1.07763 0
-17.2072 4.15755 -1.16767 0
-17.1129 3.95004 -1.1031 0
-16.9421 3.75347 -0.806238 0
-16.7818 3.58083 -0.850134 0
-16.6637 3.39743 -1.03319 0
-16.561 3.17724 -1.15407 0
-16.474 2.96749 -1.11796 0
-16.3567 2.87315 -0.650682 0
-16.1861 2.75603 -0.684598 0
-16.0926 2.54117 -1.06375 0
-15.988 2.34832 -1.0766 0
-15.8794 2.14794 -1.07437 0
-15.7731 1.95206 -1.07263 0
-15.6678 1.75648 -1.07098 0
-15.5667 1.56535 -1.08491 0
-15.4623 1.36487 -1.09603 0
-15.3506 1.15782 -1.07949 0
-15.242 0.967151 -1.03587 0
-15.1246 0.785064 -0.973746 0
-14.9949 0.61472 -0.911771 0
-14.8571 0.439136 -0.911818 0
-14.7251 0.257958 -0.94321 3
-14.5937 0.0678564 -0.974766 3
-14.4711 -0.116696 -0.975808 3
-14.3551 -0.291775 -0.972125 3
-14.2263 -0.472689 -0.94707 3
-14.093 -0.649304 -0.917524 3
-13.9636 -0.823738 -0.934588 3
-13.8291 -1.00741 -0.936469 3
-13.7039 -1.18264 -0.953995 3
-13.5716 -1.36824 -0.956257 3
-13.4435 -1.54848 -0.958648 3
-13.3171 -1.72806 -0.961253 3
-13.1898 -1.91138 -0.964049 3
-13.0647 -2.09109 -0.960891 3
-12.9243 -2.27569 -0.908189 3
-12.7526 -2.38623 -0.419264 3
-12.4738 -2.42516 -0.103179 3
-12.247 -2.43381 -0.0203538 1
-12.0313 -2.42995 0.0227096 1
-11.8121 -2.41494 0.0890251 1
-11.5949 -2.37736 0.209581 1
-11.3888 -2.3178 0.291024 1
-11.1702 -2.25249 0.287649 1
-10.9562 -2.19847 0.237676 1
-10.7368 -2.15119 0.193855 1
-10.5162 -2.13713 0.0101281 1
-10.3046 -2.17941 -0.247539 1
-10.0871 -2.2782 -0.484006 1
-9.89902 -2.4236 -0.715987 1
-9.7504 -2.60002 -0.922419 0
-9.64302 -2.79466 -1.10689 0
-9.56444 -3.01726 -1.26206 0
-9.51071 -3.24398 -1.36023 0
-9.4773 -3.45656 -1.4315 0
-9.4629 -3.66318 -1.52909 0
-9.45532 -3.84469 -1.42231 0
-9.42532 -3.8471 -0.978048 0
-9.24962 -4.07953 -0.896861 0
-9.10328 -4.24859 -0.841075 0
-8.95081 -4.41816 -0.843049 0
-8.81241 -4.58444 -0.894731 0
-8.66799 -4.76112 -0.899907 0
-8.53061 -4.94014 -0.920662 0
-8.39288 -5.11894 -0.910074 0
-8.25254 -5.28894 -0.868522 0
-8.10477 -5.44541 -0.795837 0
-7.94912 -5.59403 -0.753939 0
-7.79392 -5.75107 -0.80489 0
-7.64263 -5.91777 -0.855756 0
-7.49824 -6.09758 -0.906888 0
-7.35908 -6.28396 -0.941979 0
-7.22482 -6.46467 -0.931169 0
-7.09358 -6.63297 -0.904384 0
-6.95131 -6.79769 -0.845169 0
-6.80242 -6.94992 -0.787153 0
-6.6438 -7.10615 -0.793116 0
-6.49043 -7.27229 -0.843478 0
-6.34932 -7.43752 -0.878217 3
-6.20684 -7.61333 -0.897648 3
-6.06729 -7.78793 -0.901596 3
-5.93183 -7.95454 -0.889726 3
-5.79251 -8.12074 -0.878224 3
-5.654 -8.29642 -0.916913 3
-5.52012 -8.48377 -0.963664 3
-5.39382 -8.67079 -0.982798 3
-5.27028 -8.85354 -0.971334 3
-5.14728 -9.03104 -0.959606 3
-5.0199 -9.20801 -0.932405 3
-4.89291 -9.39347 -0.998327 3
-4.79482 -9.58731 -1.15308 3
-4.80361 -9.77927 -1.7522 3
-4.93172 -10.0163 -2.14342 1
-5.09864 -10.1874 -2.40398 1
-5.29724 -10.3242 -2.57126 1
-5.4785 -10.4457 -2.51507 1
-5.65005 -10.6347 -2.26919 1
-5.81296 -10.808 -2.36584 1
-5.98676 -10.9364 -2.54011 1
-6.18702 -11.0529 -2.62879 1
-6.39105 -11.1625 -2.65524 1
-6.5797 -11.2612 -2.67391 1
-6.73176 -11.3181 -3.27707 1
-6.71586 -11.2863 -3.8474 0
-6.88085 -11.0737 -4.04757 0
-7.00804 -10.891 -4.13225 0
-7.12496 -10.6996 -4.18162 0
-7.23599 -10.4936 -4.23064 0
-7.3377 -10.2912 -4.24876 0
-7.44477 -10.0918 -4.20863 0
-7.55707 -9.91719 -4.11836 0
-7.68264 -9.74256 -4.10172 0
-7.80122 -9.55069 -4.18145 0
-7.91864 -9.34741 -4.19603 0
-8.03563 -9.13974 -4.20169 0
-8.15124 -8.94279 -4.17589 0
-8.27811 -8.75427 -4.08791 0
-8.41977 -8.60456 -3.91665 0
-8.57905 -8.48518 -3.76371 0
-8.75461 -8.3531 -3.80941 0
-8.9171 -8.19602 -3.9211 0
-9.07396 -8.02025 -3.99834 0
-9.21543 -7.84581 -4.04496 3
-9.36381 -7.6696 -4.00142 3
-9.51096 -7.52137 -3.91129 3
-9.67063 -7.39224 -3.80391 3
-9.84076 -7.23704 -3.91074 3
-9.99045 -7.07796 -3.97447 3
-10.1271 -6.92027 -4.00698 3
-10.2867 -6.73138 -4.0077 3
-10.4271 -6.57447 -3.96178 3
-10.5756 -6.41827 -3.94696 3
-10.6327 -6.3259 -4.61582 3
-10.5547 -6.21506 0.995148 3
-10.5189 -6.22446 0.501524 0
-10.3821 -6.23876 -0.144955 3
-10.3703 -6.27248 -0.607444 0
-10.268 -6.52069 -1.07034 0
-10.1591 -6.72033 -1.06736 0
-10.0481 -6.91722 -1.05743 0
-9.93533 -7.10396 -1.02757 0
-9.82101 -7.28376 -0.997772 0
-9.69607 -7.47442 -0.998914 0
-9.57465 -7.66519 -0.999758 0
-9.45506 -7.85217 -1.00092 0
-9.32891 -8.04294 -0.9866 0
-9.19918 -8.21525 -0.91025 0
-9.05863 -8.38189 -0.864759 0
-8.91026 -8.55265 -0.8657 0
-8.76952 -8.72334 -0.882211 0
-8.62772 -8.896 -0.883425 3
-8.49231 -9.06594 -0.891173 3
-8.35313 -9.2357 -0.885876 3
-8.21029 -9.40624 -0.881436 3
-8.06792 -9.57656 -0.872889 3
-7.92868 -9.74457 -0.874177 3
-7.78361 -9.92131 -0.87537 3
-7.64397 -10.0923 -0.892169 3
-7.50251 -10.2654 -0.893336 3
-7.36361 -10.4352 -0.894441 3
-7.22375 -10.6086 -0.895507 3
-7.08412 -10.7849 -0.910023 3
-6.94545 -10.9577 -0.897609 3
-6.80562 -11.132 -0.89851 3
-6.6693 -11.3029 -0.899422 3
-6.54831 -11.4782 -0.992264 3
-6.54478 -11.6303 -1.65855 3
-6.62994 -11.7463 -2.23185 1
-6.85178 -11.9307 -2.41845 1
-7.01555 -12.0749 -2.4191 1
-7.18636 -12.2253 -2.41973 1
-7.35362 -12.3651 -2.45114 1
-7.52916 -12.5098 -2.4515 1
-7.69767 -12.6516 -2.43614 1
-7.86326 -12.7933 -2.43613 1
-8.02979 -12.9374 -2.42051 1
-8.19726 -13.0812 -2.43553 1
-8.35244 -13.1986 -2.54952 1
-8.40441 -13.1833 -3.12031 1
-8.38498 -13.1575 -3.62631 1
-8.36122 -13.1345 -4.13464 0
-8.51568 -12.9711 -3.99977 0
-8.65459 -12.7914 -4.07308 0
-8.77873 -12.61 -4.1248 0
-8.90571 -12.4143 -4.13604 0
-9.02495 -12.2276 -4.13684 0
-9.14889 -12.0525 -4.0915 0
-9.28286 -11.8765 -4.06186 0
-9.41512 -11.7006 -4.08533 0
-9.54051 -11.5086 -4.1424 0
-9.65868 -11.3161 -4.17527 0
-9.77531 -11.1262 -4.16195 0
-9.89623 -10.946 -4.11025 0
-10.0252 -10.7687 -4.07397 0
-10.158 -10.5849 -4.08415 0
-10.2855 -10.4035 -4.11047 0
-10.4116 -10.2224 -4.11353 0
-10.5364 -10.0436 -4.10134 3
-10.6637 -9.86076 -4.1049 3
-10.7917 -9.67833 -4.1021 3
-10.9204 -9.49533 -4.09691 3
-11.0491 -9.313 -4.10104 3
-11.1785 -9.13763 -4.07436 3
-11.3153 -8.95586 -4.06342 3
-11.4483 -8.78255 -4.05264 3
-11.5878 -8.60721 -4.04201 3
-11.7248 -8.43347 -4.04706 3
-11.8599 -8.25855 -4.05231 3
-11.994 -8.08132 -4.07324 3
-12.1272 -7.90734 -4.06346 3
-12.2492 -7.74367 -4.07387 3
-12.2163 -7.72934 -4.69838 3
-12.1813 -7.74159 0.977522 1
-12.1568 -7.76844 0.39549 1
-12.1552 -7.80613 -0.211732 0
-12.1732 -7.83832 -0.811916 0
-12.0694 -8.03499 -1.05629 0
-11.951 -8.22956 -1.0315 0
-11.8294 -8.41872 -0.993528 0
-11.7033 -8.59407 -0.950324 0
-11.5802 -8.75605 -0.924723 0
-11.4508 -8.9229 -0.914307 0
-11.3125 -9.10332 -0.918996 0
-11.1782 -9.28446 -0.939216 0
-11.0458 -9.46365 -0.943554 0
-10.9175 -9.63716 -0.932438 0
-10.782 -9.81668 -0.921087 0
-10.6437 -9.99451 -0.909659 0
-10.5026 -10.1673 -0.882661 0
-10.3655 -10.3367 -0.886233 0
-10.2201 -10.5053 -0.859017 3
-10.0747 -10.6736 -0.86256 3
-9.92198 -10.8424 -0.834915 3
-9.77128 -11.0033 -0.822779 3
-9.62466 -11.1642 -0.82591 3
-9.47562 -11.3294 -0.828872 3
-9.32909 -11.4941 -0.847253 3
-9.18102 -11.6612 -0.850566 3
-9.03377 -11.8275 -0.853392 3
-8.88684 -11.9947 -0.855908 3
-8.74484 -12.156 -0.843087 3
-8.59758 -12.3261 -0.860674 3
-8.45462 -12.4903 -0.863557 3
-8.33249 -12.6548 -0.976148 3
-8.328 -12.816 -1.59796 3
-8.3783 -13.019 -1.84566 3
-8.47412 -13.2273 -2.04941 1
-8.60686 -13.4078 -2.23785 1
-8.77158 -13.58 -2.36462 1
-8.9398 -13.7394 -2.36331 1
-9.0227 -13.9453 -1.83605 1
-9.05908 -14.1661 -1.74946 1
-9.12387 -14.3507 -2.04608 1
-9.17711 -14.3834 -2.42238 1
-9.18832 -14.3446 -3.05989 1
-9.17991 -14.309 -3.64815 1
-9.28971 -14.1239 -4.05981 1
-9.41691 -13.9491 -4.08782 1
-9.54239 -13.7702 -4.10556 1
-9.66144 -13.5917 -4.13026 1
-9.68948 -13.61 -3.54658 0
-9.8268 -13.6408 -3.04464 0
-10.031 -13.6572 -3.06771 0
-10.1016 -13.6075 -3.62852 0
-10.2563 -13.4541 -3.855 0
-10.4253 -13.3049 -3.87251 0
-10.6272 -13.1268 -3.86117 0
-10.8015 -12.973 -3.86093 0
-10.988 -12.8094 -3.8628 0
-11.1433 -12.6712 -3.86602 0
-11.3038 -12.5269 -3.88194 0
-11.464 -12.3721 -3.91456 0
-11.6195 -12.2159 -3.9317 0
-11.7762 -12.057 -3.93328 0
-11.9363 -11.8984 -3.91932 0
-12.0905 -11.7443 -3.92067 0
-12.2463 -11.5881 -3.9374 3
-12.3984 -11.4314 -3.93878 3
-12.55 -11.2709 -3.95541 3
-12.7047 -11.11 -3.95586 3
-12.8614 -10.9445 -3.95664 3
-13.0133 -10.7821 -3.95724 3
-13.1626 -10.6162 -3.98935 3
-13.3022 -10.4454 -4.03874 3
-13.4463 -10.2627 -4.03783 3
-13.5855 -10.095 -4.00758 3
-13.7248 -9.9428 -3.95889 3
-13.8818 -9.78004 -3.94705 3
-14.0352 -9.61235 -3.9785 3
-14.1795 -9.44362 -4.01007 3
-14.3219 -9.2806 -3.99928 3
-14.3663 -9.16655 1.559 3
-14.3308 -9.17782 0.970145 1
-14.308 -9.20407 0.40587 1
-14.3068 -9.2431 -0.216723 1
-14.3244 -9.27467 -0.805031 0
-14.1861 -9.49131 -0.962304 0
-14.0514 -9.67311 -0.923487 0
-13.9181 -9.84744 -0.917431 0
-13.7827 -10.0178 -0.902361 0
-13.6451 -10.1894 -0.887446 0
-13.5028 -10.3641 -0.887828 0
-13.3649 -10.5389 -0.903579 0
-13.2284 -10.7117 -0.903833 0
-13.0904 -10.8821 -0.88045 0
-12.9423 -11.0506 -0.841962 0
-12.7934 -11.2101 -0.811057 0
-12.6437 -11.3741 -0.835169 0
-12.4952 -11.5378 -0.832268 0
-12.3415 -11.7078 -0.825693 0
-12.195 -11.8728 -0.840544 0
-12.0457 -12.0376 -0.824049 0
-11.8957 -12.1968 -0.807598 0
-11.7415 -12.3549 -0.790878 0
-11.5824 -12.5182 -0.789551 1
-11.4293 -12.677 -0.803337 1
-11.2768 -12.8347 -0.801316 1
-11.1246 -12.9933 -0.799257 1
-10.9695 -13.154 -0.800648 1
-10.8173 -13.311 -0.798105 1
-10.6847 -13.3917 -0.195309 1
-10.4646 -13.3735 0.0167074 1
-10.1996 -13.3719 0.00337273 1
-10.0085 -13.4407 -0.316856 1
-9.77625 -13.5342 -0.587694 1
-9.60043 -13.6371 -0.523814 1
-9.41563 -13.7455 -0.519378 1
-9.23128 -13.8619 -0.576964 1
-9.17735 -13.9719 -1.11479 1
-9.17759 -14.1354 -1.6061 1
-9.25998 -14.3297 -2.01155 1
-9.3855 -14.4897 -2.28718 1
-9.55508 -14.6419 -2.41024 1
-9.69352 -14.7802 -2.34491 1
-9.83411 -14.9249 -2.3515 1
-9.99089 -15.0624 -2.44314 1
-10.1766 -15.201 -2.51222 1
-10.3731 -15.3263 -2.58904 1
-10.5742 -15.4389 -2.63524 1
-10.7754 -15.5417 -2.6725 1
-10.9657 -15.6437 -2.64192 1
-11.1425 -15.7551 -2.55556 1
-11.3169 -15.8722 -2.56533 1
-11.4967 -15.958 -2.75703 1
-11.6049 -15.9487 -3.21702 1
-11.774 -15.8288 -3.78641 0
-11.9304 -15.6559 -4.06279 0
-12.0708 -15.4984 -3.93649 0
-12.2177 -15.3326 -4.02105 0
-12.3559 -15.1457 -4.09031 0
-12.4894 -14.9449 -4.13634 0
-12.6167 -14.752 -4.1247 0
-12.7989 -14.6122 -3.67887 0
-12.9982 -14.5181 -3.60002 0
-13.1769 -14.3434 -4.01947 0
-13.2967 -14.1738 -4.08304 0
-13.4796 -14.0226 -3.74586 0
-13.6614 -13.9163 -3.6666 0
-13.7755 -13.8032 -3.88395 0
-13.93 -13.6422 -3.97802 0
-14.0753 -13.4541 -4.07109 0
-14.2106 -13.2466 -4.16501 3
-14.332 -13.0401 -4.18108 3
-14.4483 -12.8599 -4.11897 3
-14.5754 -12.7005 -4.00987 3
-14.7705 -12.5158 -3.8887 3
-14.9246 -12.3507 -3.99592 3
-15.0613 -12.1685 -4.09115 3
-15.1906 -11.9713 -4.13528 3
-15.3146 -11.7829 -4.12002 3
-15.4431 -11.6065 -4.05755 3
-15.581 -11.4552 -3.94828 3
-15.7372 -11.3069 -3.9043 3
-15.8863 -11.1432 -3.97768 3
-16.0414 -10.9661 -3.99166 3
-16.1877 -10.7978 -3.99028 3
-16.3352 -10.6372 -3.95733 3
-16.4688 -10.4651 -4.19726 3
-16.4366 -10.472 -4.7107 3
-16.4033 -10.4855 1.02265 3
-16.3786 -10.5121 0.43134 1
-16.372 -10.5472 -0.145099 1
-16.3884 -10.5813 -0.751172 0
-16.2493 -10.7636 -0.877633 0
-16.1075 -10.9375 -0.883487 0
-15.9718 -11.1066 -0.890597 0
-15.8339 -11.2755 -0.889886 0
-15.6908 -11.4498 -0.889111 0
-15.5504 -11.6201 -0.888631 0
-15.4084 -11.7923 -0.872542 0
-15.2663 -11.9638 -0.872613 0
-15.126 -12.1342 -0.872592 0
-14.9833 -12.3068 -0.879514 0
-14.8431 -12.4757 -0.888199 0
-14.7015 -12.6451 -0.872741 0
-14.5646 -12.8142 -0.888469 0
-14.4207 -12.9869 -0.88274 0
-14.2773 -13.1602 -0.883381 3
-14.1385 -13.3301 -0.874933 3
-13.9984 -13.5003 -0.890869 3
-13.8607 -13.6658 -0.875802 3
-13.7189 -13.8376 -0.877402 3
-13.5756 -14.0126 -0.878092 3
-13.4333 -14.1862 -0.879474 3
-13.2919 -14.359 -0.879907 3
-13.1565 -14.5264 -0.896356 3
-13.0164 -14.7001 -0.897045 3
-12.8758 -14.8735 -0.898296 3
-12.7366 -15.0444 -0.883537 3
-12.5992 -15.213 -0.889148 3
-12.4573 -15.3861 -0.885189 3
-12.3158 -15.5582 -0.886025 3
-12.1739 -15.7304 -0.886863 3
-12.0512 -15.8979 -0.96123 3
-12.0335 -16.0585 -1.5901 3
-12.1291 -16.236 -2.13616 1
-12.3451 -16.422 -2.48067 1
-12.5425 -16.5544 -2.57453 1
-12.7496 -16.667 -2.65567 1
-12.9384 -16.7747 -2.56976 1
-13.0837 -16.9157 -2.31978 1
-13.2215 -17.0787 -2.28627 1
-13.3707 -17.2241 -2.37914 1
-13.5439 -17.3723 -2.44101 1
-13.7043 -17.4869 -2.57499 1
-13.7535 -17.4727 -3.11702 1
-13.7303 -17.4485 -3.60066 0
-13.8783 -17.2608 -3.9562 0
-14.0315 -17.0988 -3.95636 0
-14.1829 -16.9356 -3.95689 0
-14.3291 -16.7703 -4.00343 0
-14.4653 -16.5935 -4.06576 0
-14.6 -16.4034 -4.09762 0
-14.7248 -16.2128 -4.12865 0
-14.8472 -16.0243 -4.1292 0
-14.9634 -15.8479 -4.12965 0
-15.0918 -15.6722 -4.06826 0
-15.2268 -15.5009 -4.03713 0
-15.3708 -15.328 -4.023 0
-15.5086 -15.1531 -4.05445 0
-15.6401 -14.9851 -4.05496 0
-15.7797 -14.802 -4.07087 3
-15.9167 -14.6202 -4.07153 3
-16.0514 -14.4451 -4.05637 3
-16.1943 -14.2713 -4.01037 3
-16.3349 -14.115 -3.96297 3
-16.4912 -13.959 -3.91761 3
-16.6497 -13.7992 -3.93266 3
-16.7987 -13.6427 -3.94819 3
-16.9507 -13.486 -3.94809 3
-17.1077 -13.3242 -3.93362 3
-17.2666 -13.158 -3.94671 3
-17.4199 -12.997 -3.94579 3
-17.5708 -12.8353 -3.96048 3
-17.7189 -12.6682 -3.98771 3
-17.8685 -12.5008 -3.9763 3
-18.0171 -12.3313 -3.9851 3
-18.1706 -12.1637 -3.9555 3
-18.3224 -12.0043 -3.93849 3
-18.4472 -11.8424 -4.20918 3
-18.4138 -11.8547 -4.70607 3
-18.3803 -11.8646 1.02427 1
-18.3565 -11.8943 0.42633 1
-18.3492 -11.93 -0.152995 1
-18.3649 -11.9631 -0.731332 0
-18.199 -12.1833 -0.876603 0
-18.0613 -12.3589 -0.906873 0
-17.9246 -12.5412 -0.93724 0
-17.7955 -12.717 -0.936972 0
-17.663 -12.9057 -0.952036 0
-17.5369 -13.0907 -0.967684 0
-17.4148 -13.2776 -0.998677 0
-17.2955 -13.4656 -1.01457 0
-17.1781 -13.6555 -1.01519 0
-17.0587 -13.8498 -1.01623 0
-16.9426 -14.0376 -1.01715 0
-16.8276 -14.2287 -1.03392 0
-16.7098 -14.4254 -1.02767 0
-16.5895 -14.616 -0.998042 0
-16.4559 -14.8016 -0.930146 0
-16.3184 -14.9605 -0.839766 0
-16.1666 -15.1147 -0.787455 0
-16.0151 -15.2721 -0.813426 0
-15.8579 -15.4323 -0.785088 3
-15.7032 -15.5888 -0.787815 3
-15.5503 -15.7427 -0.790548 3
-15.3907 -15.8994 -0.784722 3
-15.2345 -16.0555 -0.796714 3
-15.0776 -16.2155 -0.799935 3
-14.9241 -16.3743 -0.803415 3
-14.7694 -16.5333 -0.80113 3
-14.6215 -16.6884 -0.810813 3
-14.4638 -16.8497 -0.799385 3
-14.3084 -17.0096 -0.803592 3
-14.155 -17.1715 -0.807911 3
-14.0018 -17.3335 -0.812449 3
-13.8532 -17.4933 -0.817293 3
-13.7073 -17.6619 -0.88416 3
-13.5878 -17.8469 -1.04945 3
-13.5471 -18.0574 -1.54983 3
-13.6419 -18.238 -2.11904 1
-13.8007 -18.4203 -2.34165 1
-14.002 -18.5688 -2.58041 1
-14.1716 -18.6949 -2.45532 1
-14.3217 -18.8957 -2.19357 1
-14.473 -19.0724 -2.35428 1
-14.6575 -19.1981 -2.60924 1
-14.883 -19.2807 -2.84862 1
-15.1175 -19.3004 -3.11811 1
-15.3518 -19.2606 -3.37229 1
-15.5686 -19.1636 -3.62659 0
-15.7436 -19.0529 -3.63047 0
-15.9136 -18.8819 -3.88561 0
-16.0777 -18.7306 -3.89122 0
-16.2375 -18.5816 -3.8966 0
-16.3975 -18.429 -3.91715 0
-16.5578 -18.2752 -3.92214 0
-16.7201 -18.1178 -3.91383 0
-16.8778 -17.9619 -3.91564 0
-17.0307 -17.8082 -3.93241 0
-17.187 -17.6548 -3.92372 0
-17.3455 -17.4964 -3.92728 0
-17.5061 -17.3349 -3.93054 0
-17.6587 -17.1789 -3.93394 0
-17.8123 -17.0207 -3.95217 0
-17.9635 -16.866 -3.94385 0
-18.1201 -16.7032 -3.94271 0
-18.2712 -16.5443 -3.94512 3
-18.4253 -16.3817 -3.94731 3
-18.5771 -16.2184 -3.96475 3
-18.7273 -16.0583 -3.96645 3
-18.882 -15.893 -3.9681 3
-19.0323 -15.7329 -3.96958 3
-19.1837 -15.5725 -3.95532 3
-19.3347 -15.4113 -3.95628 3
-19.4919 -15.2516 -3.92607 3
-19.6521 -15.092 -3.92646 3
-19.8078 -14.9407 -3.91124 3
-19.9674 -14.7885 -3.8958 3
-20.1266 -14.6387 -3.88962 3
-20.2915 -14.4863 -3.87976 3
-20.4545 -14.337 -3.88542 3
-20.614 -14.1878 -3.8873 3
-20.6652 -14.0871 -4.60952 3
-20.6289 -14.0954 1.07799 1
-20.6032 -14.1213 0.489387 1
-20.5949 -14.1564 -0.0895926 1
-20.6053 -14.1879 -0.621448 0
-20.3792 -14.3731 -0.652015 0
-20.2107 -14.5229 -0.746043 0
-20.0528 -14.6892 -0.830225 0
-19.9032 -14.8654 -0.88267 0
-19.7641 -15.0354 -0.883048 0
-19.6236 -15.1952 -0.837022 0
-19.4738 -15.3496 -0.796808 0
-19.3251 -15.5135 -0.847852 0
-19.1845 -15.6836 -0.883842 0
-19.0479 -15.8568 -0.899511 0
-18.9113 -16.0261 -0.884534 0
-18.7749 -16.1914 -0.873424 0
-18.6294 -16.3578 -0.854711 0
-18.484 -16.5286 -0.87062 0
-18.3469 -16.6878 -0.871291 0
-18.2018 -16.8545 -0.856344 0
-18.0486 -17.0193 -0.826122 0
-17.8986 -17.1774 -0.811102 0
-17.7415 -17.3335 -0.780806 3
-17.5914 -17.4863 -0.796396 3
-17.432 -17.6471 -0.796661 3
-17.2762 -17.8041 -0.7942 3
-17.1239 -17.9566 -0.781484 3
-16.9601 -18.1143 -0.763848 3
-16.7965 -18.2672 -0.750543 3
-16.6313 -18.4179 -0.734791 3
-16.4635 -18.5581 -0.688036 3
-16.2964 -18.6891 -0.656416 3
-16.121 -18.8232 -0.655672 3
-15.9457 -18.9595 -0.654343 3
-15.7704 -19.0951 -0.652891 3
-15.5986 -19.2316 -0.666692 3
-15.4263 -19.3714 -0.695723 3
-15.304 -19.5385 -1.14106 3
-15.3327 -19.5574 -1.69465 3
-15.3716 -19.5461 -2.24864 1
-15.5274 -19.7236 -2.29307 1
-15.6856 -19.8916 -2.33807 1
-15.8471 -20.0486 -2.38179 1
-16.0154 -20.1995 -2.42535 1
-16.1976 -20.3484 -2.47051 1
-16.3767 -20.4825 -2.50092 1
-16.5709 -20.6156 -2.54311 1
-16.762 -20.7348 -2.58337 1
-16.9479 -20.85 -2.58324 1
-17.1164 -20.9494 -2.62194 1
-17.133 -20.9228 -3.23906 1
-17.1224 -20.8911 -3.71935 1
-17.2965 -20.7425 -3.86069 1
-17.4559 -20.5788 -3.94052 1
-17.6123 -20.4072 -3.97442 1
-17.7597 -20.2389 -3.98746 1
-17.9039 -20.0731 -3.98485 1
-18.056 -19.9091 -3.94517 1
-18.211 -19.7606 -3.88961 1
-18.3763 -19.6186 -3.83668 1
-18.5438 -19.4775 -3.84047 1
-18.7104 -19.331 -3.86204 1
-18.8788 -19.182 -3.85875 1
-19.0474 -19.0324 -3.85546 1
-19.2124 -18.8864 -3.86768 1
-19.3728 -18.7463 -3.86409 1
-19.5122 -18.6115 -3.96666 1
-19.5053 -18.5612 -4.52188 1
-19.4744 -18.5881 1.23832 1
-19.4449 -18.6022 0.714367 1
-19.4298 -18.6375 0.0980826 1
-19.4057 -18.6844 -0.495478 1
-19.2464 -18.8502 -0.801354 1
-19.0944 -19.0271 -0.883046 1
-18.9547 -19.2131 -0.942545 1
-18.8237 -19.4011 -0.962602 1
-18.6877 -19.585 -0.923172 1
-18.5506 -19.7376 -0.810798 1
-18.3952 -19.8655 -0.672484 1
-18.2202 -20 -0.67474 1
-18.0555 -20.1468 -0.731549 1
-17.8923 -20.3015 -0.761292 1
-17.7329 -20.461 -0.786273 1
-17.5732 -20.6178 -0.759256 1
-17.401 -20.755 -0.628341 1
-17.2248 -20.8465 -0.437445 1
-17.0079 -20.8747 -0.0122411 1
-16.8154 -20.7801 0.55279 1
-16.6429 -20.6409 0.698322 1
-16.4705 -20.4793 0.772606 1
-16.3118 -20.3251 0.760699 1
-16.1511 -20.2006 0.637184 1
-15.9663 -20.0801 0.590611 1
-15.7835 -19.9485 0.636658 1
-15.6111 -19.8156 0.667046 1
-15.4408 -19.6841 0.651024 1
-15.2608 -19.5454 0.650293 1
-15.0831 -19.4129 0.649213 1
-14.9059 -19.283 0.632581 1
-14.7297 -19.1518 0.646725 1
-14.5588 -19.021 0.660852 1
-14.3812 -18.8856 0.659338 1
-14.2015 -18.7503 0.642269 1
-14.0189 -18.6138 0.640381 1
-13.8444 -18.4839 0.63851 1
-13.6697 -18.3539 0.636855 1
-13.4911 -18.2201 0.634783 1
-13.3152 -18.087 0.648247 1
-13.1405 -17.9486 0.677406 1
-12.9741 -17.804 0.72069 1
-12.8035 -17.6529 0.718295 1
-12.6358 -17.5102 0.700338 1
-12.4653 -17.3679 0.697635 1
-12.3005 -17.2287 0.709028 1
-12.131 -17.0886 0.69426 1
-11.9712 -16.9525 0.707002 1
-11.8121 -16.8037 0.764618 1
-11.6553 -16.6497 0.775771 1
-11.4945 -16.4994 0.75943 1
-11.3325 -16.3472 0.75679 1
-11.1737 -16.1946 0.769672 1
-11.013 -16.0409 0.76683 1
-10.8526 -15.8893 0.751255 1
-10.6943 -15.7399 0.745549 1
-10.5277 -15.5841 0.742961 1
-10.3673 -15.4344 0.755584 1
-10.2079 -15.2876 0.737825 1
-10.0427 -15.1324 0.750342 1
-9.88377 -14.9768 0.774855 1
-9.72122 -14.8104 0.807163 1
-9.57608 -14.6401 0.882107 1
-9.44623 -14.4635 0.941653 1
-9.32132 -14.2791 0.969497 1
-9.19807 -14.0983 0.962612 1
-9.06694 -13.9191 0.933847 1
-8.93217 -13.7372 0.931453 1
-8.80152 -13.561 0.929162 1
-8.67153 -13.3861 0.926992 1
-8.53627 -13.2046 0.935627 1
-8.40453 -13.0309 0.922889 1
-8.2718 -12.8545 0.920935 1
-8.13532 -12.674 0.919179 1
-8.00557 -12.502 0.933077 1
-7.8695 -12.3241 0.91599 1
-7.73656 -12.15 0.9142 1
-7.60337 -11.9742 0.928228 1
-7.46914 -11.7983 0.926735 1
-7.33253 -11.6199 0.925616 1
-7.19682 -11.4421 0.908805 1
-7.06856 -11.2639 0.969004 1
-6.95657 -11.0801 1.04556 1
-6.89427 -10.8598 1.43342 1
-6.9401 -10.7807 -4.2402 0
-6.95866 -10.8034 -3.70966 0
-6.96409 -10.8377 -3.17016 0
-6.97012 -10.8834 -2.51813 1
-7.11039 -11.0971 -2.16715 1
-7.2461 -11.2802 -2.2145 1
-7.38381 -11.4543 -2.23756 1
-7.52167 -11.628 -2.24471 1
-7.66247 -11.8021 -2.25232 1
-7.80482 -11.9732 -2.25228 1
-7.94109 -12.1414 -2.24414 1
-8.07502 -12.3117 -2.2369 1
-8.21613 -12.4885 -2.2613 1
-8.36117 -12.6332 -2.41859 1
-8.46983 -12.6511 -2.97116 1
-8.62073 -12.5901 -3.52592 0
-8.80104 -12.4756 -3.7187 0
-8.99202 -12.3267 -3.82771 0
-9.16257 -12.1675 -3.90592 0
-9.31891 -12.0054 -3.95305 0
-9.46916 -11.8534 -3.92866 0
-9.62592 -11.7149 -3.84197 0
-9.79461 -11.5954 -3.7345 0
-9.97497 -11.4614 -3.81765 0
-10.1386 -11.3064 -3.92706 0
-10.2908 -11.1338 -4.00536 0
-10.4328 -10.9494 -4.06871 0
-10.5649 -10.7691 -4.07347 0
-10.6998 -10.5971 -4.0279 0
-10.8364 -10.4529 -3.92439 0
-10.9977 -10.3058 -3.87518 0
-11.1553 -10.1431 -3.96519 0
-11.2991 -9.97007 -4.02941 0
-11.4323 -9.79777 -4.04911 3
-11.5657 -9.6273 -4.04751 3
-11.708 -9.45788 -4.01743 3
-11.8516 -9.29129 -4.00258 3
-11.9946 -9.11928 -4.01883 3
-12.1328 -8.95207 -4.0197 3
-12.272 -8.78521 -4.02012 3
-12.4129 -8.61442 -4.02111 3
-12.5571 -8.43982 -4.02223 3
-12.694 -8.27625 -4.0227 3
-12.7169 -8.25283 -3.97694 3
-12.7169 -8.25283 -3.97721 3
