96 102
102 104
104 104
104 193
200 202
202 203
203 296
318 433
433 435
435 436
436 532
532 1082
540 542
542 543
637 1383
667 671
689 689
788 790
790 790
790 878
884 886
886 886
886 974
980 1075
982 983
1082 1179
1084 1090
1134 1232
1175 1174
1174 1385
1179 1186
1186 1278
1224 1228
1228 1232
1385 1385
1430 2037
1436 1438
1438 1438
1438 1505
1505 2043
1511 1513
1513 1515
1515 1584
1584 1591
1591 1664
1593 1595
1681 1753
1753 1759
1759 1761
1761 1761
1761 1839
1846 1921
2037 2043
2043 2045
2045 2046
