0.0539623 0.0681652 -1.581 0
0.0538062 0.0684924 -1.58706 0
0.0540498 0.0695054 -1.60085 0
0.0539963 0.0724157 -1.6004 0
0.0539289 0.0727967 -1.60029 0
0.0426031 -0.164261 -1.57677 0
0.036024 -0.390611 -1.61054 0
0.017129 -0.611233 -1.68488 0
-0.0199602 -0.844035 -1.73075 0
-0.0604072 -1.06581 -1.74947 0
-0.0945377 -1.28616 -1.71268 0
-0.109342 -1.4987 -1.63633 0
-0.126201 -1.7156 -1.63524 0
-0.147267 -1.94321 -1.69037 0
-0.177114 -2.16177 -1.71059 0
-0.205264 -2.37993 -1.69292 0
-0.224385 -2.59464 -1.6445 0
-0.24202 -2.81729 -1.64085 0
-0.261269 -3.03654 -1.658 0
-0.280987 -3.26331 -1.65657 0
-0.298206 -3.48062 -1.65778 0
-0.316721 -3.70274 -1.66673 0
-0.335829 -3.92733 -1.65679 0
-0.353272 -4.14745 -1.65246 0
-0.372096 -4.3692 -1.63737 0
-0.377275 -4.58462 -1.60551 0
-0.385335 -4.81251 -1.6072 0
-0.398503 -5.0353 -1.62374 0
-0.405439 -5.25755 -1.606 0
-0.414178 -5.47212 -1.61325 0
-0.419986 -5.69296 -1.61497 0
-0.430757 -5.91612 -1.61339 0
-0.440771 -6.14284 -1.61595 2
-0.45209 -6.365 -1.61812 2
-0.463186 -6.58344 -1.61885 2
-0.475533 -6.80623 -1.61946 2
-0.48978 -7.02594 -1.63174 2
-0.499867 -7.24623 -1.61662 2
-0.503461 -7.47115 -1.58556 2
-0.504742 -7.68642 -1.57085 2
-0.507414 -7.91424 -1.57581 2
-0.512521 -8.13397 -1.58087 2
-0.515799 -8.35234 -1.58135 2
-0.518362 -8.57457 -1.5832 2
-0.520368 -8.79489 -1.58506 3
-0.528111 -9.02421 -1.59061 0
-0.534683 -9.2424 -1.59889 0
-0.539295 -9.45597 -1.60597 0
-0.591121 -9.64457 -1.95929 0
-0.615519 -9.62829 -2.52635 0
-0.61762 -9.58689 -3.09673 1
-0.607986 -9.5522 -3.69644 1
-0.580907 -9.52846 -4.28194 1
-0.548245 -9.52323 1.43874 0
-0.550423 -9.2694 -4.69034 0
-0.528627 -9.04881 1.42437 0
-0.470272 -8.81633 1.30725 0
-0.402394 -8.59622 1.27022 0
-0.388011 -8.34652 -4.66204 0
-0.415893 -8.12854 -4.56886 0
-0.435098 -7.8991 -4.68052 0
-0.418688 -7.67592 1.44568 0
-0.37735 -7.44613 1.39423 0
-0.332703 -7.22242 1.37737 0
-0.296378 -7.00237 1.41712 0
-0.277408 -6.79552 1.49955 0
-0.283864 -6.58872 -4.65828 0
-0.304193 -6.37141 -4.61955 0
-0.321508 -6.15627 -4.64912 0
-0.335491 -5.93333 -4.65144 0
-0.341942 -5.70884 -4.69906 0
-0.339006 -5.48389 1.53765 0
-0.322381 -5.25694 1.48035 0
-0.291628 -5.02201 1.41309 0
-0.249853 -4.79042 1.38491 0
-0.205947 -4.56586 1.38595 0
-0.172406 -4.3512 1.43118 0
-0.160822 -4.14161 1.5407 0
-0.172653 -3.93669 -4.62996 3
-0.188487 -3.71362 -4.64729 3
-0.190542 -3.48962 1.55268 3
-0.177086 -3.26358 1.50008 3
-0.157397 -3.03959 1.48231 3
-0.139715 -2.81483 1.48597 3
-0.122744 -2.59439 1.49399 3
-0.104467 -2.37699 1.49511 3
-0.0949637 -2.16887 1.53285 3
-0.0921448 -1.94303 1.55231 3
-0.0852155 -1.72254 1.5291 3
-0.0740972 -1.50187 1.5044 3
-0.059212 -1.2788 1.49194 3
-0.0433354 -1.05905 1.50826 3
-0.0326734 -0.835801 1.54395 3
-0.0432279 -0.618862 -4.65366 3
-0.109967 -0.547071 -4.02828 3
-0.180508 -0.535807 -3.50697 1
-0.445968 -0.452012 -3.47653 1
-0.6611 -0.3867 -3.45666 1
-0.875213 -0.322126 -3.42071 1
-1.09317 -0.275502 -3.3395 1
-1.29857 -0.256581 -3.20907 1
-1.50913 -0.256138 -3.11085 1
-1.72895 -0.259485 -3.12867 1
-1.95032 -0.258061 -3.16146 1
-2.17228 -0.2597 -3.12637 1
-2.24344 -0.321011 -2.44183 1
-2.30168 -0.497172 -1.91102 0
-2.36469 -0.698255 -1.86758 0
-2.41795 -0.902836 -1.82885 0
-2.42404 -1.12325 -1.50607 0
-2.38808 -1.33299 -1.37129 0
-2.35578 -1.54996 -1.45024 0
-2.36896 -1.80953 -1.72617 0
-2.41638 -2.02556 -1.81839 0
-2.40032 -2.26031 -1.34432 0
-2.41056 -2.43085 -1.90915 0
-2.43335 -2.67617 -1.72897 0
-2.48729 -2.90372 -1.84024 0
-2.5562 -3.12599 -1.87195 0
-2.61193 -3.35993 -1.79133 0
-2.64274 -3.56877 -1.6819 0
-2.64702 -3.76777 -1.56415 0
-2.64332 -3.98539 -1.55352 0
-2.65072 -4.21099 -1.63439 0
-2.66634 -4.43764 -1.66479 0
-2.68676 -4.65816 -1.66812 0
-2.70179 -4.87556 -1.64094 0
-2.71479 -5.0909 -1.61838 0
-2.72764 -5.31356 -1.62664 0
-2.74386 -5.53696 -1.63242 0
-2.7542 -5.75836 -1.62551 0
-2.76847 -5.97874 -1.63618 0
-2.78128 -6.1981 -1.63617 0
-2.79781 -6.42002 -1.63675 0
-2.81605 -6.63959 -1.64513 3
-2.83149 -6.86568 -1.64567 3
-2.84474 -7.07684 -1.64354 3
-2.86371 -7.30382 -1.64649 3
-2.8842 -7.523 -1.64944 3
-2.89964 -7.74528 -1.64901 3
-2.91594 -7.96313 -1.65428 3
-2.9322 -8.18223 -1.64974 3
-2.95264 -8.40921 -1.65601 3
-2.97434 -8.6309 -1.65146 3
-2.99513 -8.85011 -1.66154 3
-3.01212 -9.06789 -1.66366 3
-3.03437 -9.28197 -1.67278 3
-3.08356 -9.37193 -2.19691 3
-3.09138 -9.3278 -2.7798 1
-3.09333 -9.29097 -3.38058 1
-3.07193 -9.25945 -3.976 1
-3.03936 -9.24425 -4.56126 0
-2.98823 -9.0369 1.41217 0
-2.95011 -8.81485 1.40014 0
-2.91171 -8.58994 1.39092 0
-2.8742 -8.38531 1.38583 0
-2.83173 -8.16098 1.38052 0
-2.78901 -7.94188 1.37644 0
-2.74811 -7.72669 1.37925 0
-2.70363 -7.51159 1.37618 0
-2.6589 -7.29313 1.36932 0
-2.61218 -7.06616 1.36991 0
-2.56884 -6.83946 1.38826 0
-2.53494 -6.61914 1.42097 0
-2.50976 -6.40862 1.46876 0
-2.49413 -6.19369 1.51757 0
-2.46751 -5.96875 1.39972 0
-2.41725 -5.74774 1.33243 0
-2.36989 -5.52596 1.37433 0
-2.38332 -5.27105 -4.54983 0
-2.42379 -5.04564 -4.54727 0
-2.43882 -4.82103 -4.70955 0
-2.41173 -4.59242 1.41028 0
-2.36731 -4.35566 1.3782 0
-2.34178 -4.14279 1.48459 3
-2.39824 -3.88719 -4.39452 3
-2.46909 -3.66101 -4.44616 3
-2.49968 -3.45027 -4.64742 3
-2.49466 -3.22114 1.52286 3
-2.47618 -2.98907 1.47862 3
-2.45181 -2.76843 1.47586 3
-2.44211 -2.55066 1.51991 3
-2.44497 -2.34505 -4.68212 3
-2.46574 -2.14046 -4.5851 3
-2.49385 -1.91434 -4.60976 3
-2.50133 -1.69472 -4.70996 3
-2.48783 -1.46092 1.49551 3
-2.45719 -1.23112 1.4231 3
-2.41858 -1.00981 1.39522 3
-2.38644 -0.794558 1.42719 3
-2.37376 -0.521765 -4.70511 3
-2.419 -0.378866 -4.08727 3
-2.44479 -0.404635 -3.50527 1
-2.71221 -0.340317 -3.412 1
-2.9363 -0.287653 -3.37757 1
-3.15129 -0.239441 -3.35786 1
-3.36906 -0.191477 -3.35562 1
-3.58567 -0.150859 -3.34415 1
-3.80075 -0.114269 -3.29925 1
-4.01937 -0.0835179 -3.27305 1
-4.2402 -0.05562 -3.2828 1
-4.46127 -0.0236845 -3.29301 1
-4.68031 0.00477064 -3.26949 1
-4.76723 -0.0292473 -2.71213 1
-4.74409 -0.0562571 -2.16465 1
-4.72647 -0.104367 -1.62594 0
-4.74688 -0.348695 -1.65786 0
-4.75667 -0.569481 -1.60896 0
-4.76777 -0.790576 -1.62729 0
-4.78006 -1.01166 -1.6486 0
-4.80181 -1.24093 -1.67855 0
-4.83136 -1.46045 -1.7044 0
-4.86003 -1.67593 -1.70777 0
-4.88348 -1.89194 -1.67637 0
-4.90055 -2.11443 -1.63288 0
-4.90945 -2.3348 -1.62579 0
-4.92478 -2.55821 -1.64086 0
-4.94021 -2.77633 -1.64346 0
-4.95408 -2.99076 -1.64414 0
-4.97263 -3.2161 -1.65094 0
-4.99251 -3.43213 -1.65365 0
-5.01036 -3.65442 -1.66844 0
-5.03181 -3.87964 -1.66591 0
-5.04838 -4.09939 -1.65352 0
-5.06287 -4.32828 -1.6397 0
-5.07422 -4.55017 -1.63956 0
-5.08622 -4.77506 -1.63335 0
-5.09598 -4.98998 -1.62237 0
-5.10614 -5.21765 -1.61313 0
-5.11268 -5.44172 -1.60863 0
-5.12048 -5.66098 -1.61093 0
-5.13066 -5.88349 -1.61597 0
-5.14031 -6.09619 -1.61652 3
-5.15028 -6.31912 -1.62001 3
-5.16224 -6.54336 -1.62481 3
-5.17794 -6.7664 -1.63206 3
-5.18796 -6.98452 -1.6293 3
-5.20134 -7.20383 -1.62663 3
-5.21438 -7.42669 -1.63508 3
-5.22996 -7.64941 -1.63927 3
-5.24688 -7.87361 -1.64598 3
-5.26254 -8.08375 -1.64729 3
-5.28034 -8.31092 -1.64492 3
-5.2967 -8.53363 -1.64742 3
-5.31422 -8.75608 -1.6476 3
-5.33123 -8.97634 -1.64967 3
-5.34857 -9.19097 -1.65453 3
-5.36666 -9.40457 -1.66469 3
-5.40145 -9.44167 -2.19442 0
-5.42545 -9.41107 -2.81028 1
-5.42567 -9.3753 -3.38917 1
-5.40648 -9.34274 -3.97846 0
-5.37295 -9.32843 -4.5637 1
-5.33103 -9.04181 1.47896 0
-5.30052 -8.81912 1.42846 0
-5.2625 -8.59558 1.37504 0
-5.21092 -8.3744 1.34535 0
-5.15988 -8.15593 1.34767 0
-5.11495 -7.93174 1.37425 0
-5.07948 -7.71432 1.41993 0
-5.05441 -7.49941 1.47233 0
-5.04042 -7.28742 1.51927 0
-5.02815 -7.06729 1.51305 0
-5.01494 -6.84948 1.50712 0
-4.99861 -6.62424 1.49706 0
-4.9801 -6.40324 1.49143 0
-4.95919 -6.18357 1.48445 0
-4.94144 -5.96241 1.48881 0
-4.92548 -5.74814 1.49548 0
-4.90909 -5.52658 1.49529 0
-4.88957 -5.303 1.48186 0
-4.87338 -5.08269 1.48289 0
-4.85404 -4.86484 1.4842 0
-4.83411 -4.64344 1.47167 0
-4.8093 -4.42434 1.47239 0
-4.79154 -4.20442 1.48126 0
-4.77296 -3.98215 1.48186 0
-4.75569 -3.76734 1.482 3
-4.73343 -3.54021 1.47803 3
-4.70813 -3.31598 1.45867 3
-4.6832 -3.09468 1.45435 3
-4.65992 -2.87999 1.46461 3
-4.63702 -2.65743 1.47195 3
-4.62034 -2.42988 1.49251 3
-4.60671 -2.20881 1.50205 3
-4.59282 -1.98469 1.51448 3
-4.58389 -1.76827 1.5225 3
-4.57343 -1.54494 1.52652 3
-4.56494 -1.32454 1.53246 3
-4.55415 -1.09859 1.5326 3
-4.54738 -0.877461 1.53317 3
-4.5422 -0.665319 1.52816 3
-4.53252 -0.43757 1.53055 3
-4.5259 -0.217618 1.53378 3
-4.58352 -0.069975 -4.09735 3
-4.61201 -0.0881025 -3.57523 1
-4.8547 -0.0711717 -3.26962 1
-5.09964 -0.0389647 -3.2784 1
-5.32393 -0.0129622 -3.25804 1
-5.54053 0.00994924 -3.2336 1
-5.76523 0.0300895 -3.2331 1
-5.99004 0.051304 -3.24796 1
-6.20445 0.0764607 -3.26047 1
-6.43268 0.0973757 -3.23589 1
-6.65428 0.109105 -3.18933 1
-6.87221 0.113462 -3.1464 1
-7.09559 0.114141 -3.14561 1
-7.28639 0.116028 -3.17962 1
-7.51502 0.123512 -3.1655 1
-7.79148 0.133968 -3.18219 1
-8.00716 0.145635 -3.20175 1
-8.2351 0.158038 -3.21492 1
-8.45785 0.173376 -3.2104 1
-8.67478 0.185928 -3.18912 1
-8.89613 0.194909 -3.18833 1
-9.11964 0.206838 -3.2037 1
-9.34751 0.221891 -3.20909 1
-9.54038 0.216613 -3.12364 1
-9.57355 0.176112 -2.58654 1
-9.54166 0.159828 -2.02791 1
-9.50484 0.115669 -1.38827 0
-9.39778 -0.00525618 -0.866511 1
-9.23689 -0.15028 -0.696469 1
-9.04835 -0.239793 -0.289002 1
-8.81206 -0.241429 0.133537 1
-8.58839 -0.213529 0.122458 1
-8.37045 -0.197405 0.0470915 1
-8.14182 -0.192576 -0.00136858 1
-7.91347 -0.20049 -0.0384383 1
-7.68658 -0.211836 -0.0441591 1
-7.47462 -0.218106 -0.00600584 1
-7.26762 -0.209984 0.0702263 1
-7.04092 -0.197925 0.024694 1
-6.96222 -0.245868 -0.503744 1
-7.00075 -0.251923 -1.02725 1
-7.02476 -0.294231 -1.56241 0
-7.01365 -0.512794 -1.51222 0
-7.01634 -0.743414 -1.61662 0
-7.04148 -0.977487 -1.72656 0
-7.09183 -1.20911 -1.79418 0
-7.14349 -1.43926 -1.79586 0
-7.15561 -1.65122 -1.56631 0
-7.11495 -1.85643 -1.32739 0
-7.06615 -2.09355 -1.39747 0
-7.06757 -2.30672 -1.64653 0
-7.12329 -2.5272 -1.87768 0
-7.17271 -2.73536 -1.78935 0
-7.17862 -2.99973 -1.50577 0
-7.15728 -3.2194 -1.47777 0
-7.15203 -3.43621 -1.58962 0
-7.16404 -3.66094 -1.63801 0
-7.18292 -3.88715 -1.65783 0
-7.19887 -4.10551 -1.62837 0
-7.20494 -4.32452 -1.58031 0
-7.20929 -4.53919 -1.59172 0
-7.21363 -4.76321 -1.59921 0
-7.22168 -4.9861 -1.61337 0
-7.23294 -5.21143 -1.62803 0
-7.249 -5.43171 -1.62068 0
-7.25449 -5.64656 -1.6031 0
-7.26524 -5.8718 -1.61647 0
-7.27637 -6.09461 -1.62091 3
-7.29008 -6.3157 -1.63043 3
-7.30428 -6.53785 -1.64885 3
-7.32492 -6.75731 -1.67228 3
-7.34845 -6.98395 -1.66318 3
-7.36592 -7.20186 -1.63979 3
-7.38612 -7.42368 -1.65379 3
-7.40293 -7.64272 -1.66349 3
-7.42208 -7.8641 -1.66405 3
-7.44082 -8.088 -1.65822 3
-7.46054 -8.31096 -1.65486 3
-7.4804 -8.53045 -1.66426 3
-7.49731 -8.74187 -1.65864 0
-7.51779 -8.96849 -1.66488 0
-7.53897 -9.1904 -1.66284 0
-7.55758 -9.39423 -1.66657 0
-7.60211 -9.45665 -2.29408 3
-7.62157 -9.4253 -2.88322 1
-7.61988 -9.38861 -3.46776 1
-7.59609 -9.35991 -4.05874 1
-7.5682 -9.34608 -4.61612 0
-7.56358 -9.09693 -4.6615 0
-7.54681 -8.86896 1.44665 0
-7.49731 -8.62861 1.33071 0
-7.42326 -8.40198 1.22949 0
-7.37665 -8.1875 1.40878 0
-7.39972 -7.91812 -4.55645 0
-7.42521 -7.68697 -4.62071 0
-7.40678 -7.41955 1.41753 0
-7.36136 -7.18881 1.38201 0
-7.32583 -6.97213 1.39918 0
-7.29694 -6.7546 1.4575 0
-7.28971 -6.53463 -4.70457 0
-7.30296 -6.31684 -4.63659 0
-7.31496 -6.08959 -4.69289 0
-7.30887 -5.87401 1.52335 0
-7.29646 -5.65318 1.5233 0
-7.28718 -5.43131 1.52455 0
-7.27763 -5.21461 1.52731 0
-7.26649 -4.98849 1.51995 0
-7.25623 -4.76766 1.51166 0
-7.24376 -4.54797 1.51719 0
-7.23319 -4.327 1.51675 0
-7.22054 -4.10455 1.51664 0
-7.20648 -3.87623 1.50998 3
-7.19337 -3.66113 1.50347 3
-7.17909 -3.44122 1.49662 3
-7.1627 -3.22338 1.49135 3
-7.14453 -2.99901 1.48544 3
-7.12485 -2.77995 1.48093 3
-7.10508 -2.55627 1.47599 3
-7.08735 -2.33442 1.47809 3
-7.06697 -2.11785 1.48145 3
-7.04678 -1.89408 1.48501 3
-7.0288 -1.67698 1.48198 3
-7.00707 -1.45665 1.47318 3
-6.99153 -1.27418 1.47396 3
-6.9624 -1.01725 1.46406 3
-6.93847 -0.790485 1.46315 3
-6.91521 -0.57229 1.45557 3
-6.89091 -0.351564 1.45434 3
-6.86687 -0.147711 1.44797 3
-6.89744 -0.0861889 -4.21782 3
-6.92328 -0.112673 -3.62392 1
-7.14792 -0.0941859 -3.3045 1
-7.37132 -0.0711438 -3.21892 1
-7.59437 -0.0549002 -3.22396 1
-7.81593 -0.033828 -3.24052 1
-8.04528 -0.0130961 -3.22961 1
-8.26505 0.0043149 -3.20649 1
-8.47994 -0.00562144 -3.07809 1
-8.69986 -0.0267959 -3.02343 1
-8.91707 -0.0459103 -3.10251 1
-9.14252 -0.0452021 -3.15413 1
-9.37276 -0.0375693 -3.17358 1
-9.47236 -0.0661648 -2.64385 1
-9.44394 -0.0903284 -2.04175 1
-9.4436 -0.344208 -1.62442 0
-9.45569 -0.556931 -1.64841 0
-9.47784 -0.783222 -1.67533 0
-9.50222 -1.00734 -1.70181 0
-9.52589 -1.23262 -1.67606 0
-9.53679 -1.45815 -1.60169 0
-9.53255 -1.67537 -1.52889 0
-9.51729 -1.89366 -1.48932 0
-9.51041 -2.11767 -1.5689 0
-9.52075 -2.34844 -1.63869 0
-9.54483 -2.57431 -1.69161 0
-9.57323 -2.80054 -1.69172 0
-9.59097 -3.01962 -1.64457 0
-9.59045 -3.22993 -1.53549 0
-9.57795 -3.44761 -1.51651 0
-9.57136 -3.66162 -1.53892 0
-9.56761 -3.88712 -1.55405 0
-9.5624 -4.10918 -1.55319 0
-9.55826 -4.32836 -1.55894 0
-9.55241 -4.55393 -1.55231 0
-9.54892 -4.77188 -1.55459 0
-9.5463 -4.99998 -1.5587 0
-9.54567 -5.21915 -1.5593 0
-9.54362 -5.43853 -1.56586 0
-9.54134 -5.66158 -1.57111 0
-9.54046 -5.88333 -1.57269 0
-9.54298 -6.11018 -1.58034 0
-9.54827 -6.33153 -1.59905 0
-9.55661 -6.55336 -1.61858 0
-9.56927 -6.77333 -1.62065 1
-9.5821 -6.99341 -1.62804 2
-9.59236 -7.21667 -1.63492 2
-9.60367 -7.44195 -1.63491 2
-9.62108 -7.66231 -1.64465 2
-9.63869 -7.87599 -1.64991 2
-9.65576 -8.10328 -1.65969 2
-9.67537 -8.32195 -1.66371 2
-9.69574 -8.53736 -1.67102 2
-9.71814 -8.75949 -1.67871 2
-9.74323 -8.98123 -1.69609 2
-9.77326 -9.20756 -1.6967 2
-9.80474 -9.41348 -1.71627 2
-9.84604 -9.43443 -2.37036 2
-9.86218 -9.40158 -2.97057 1
-9.85593 -9.36615 -3.55399 1
-9.83365 -9.33603 -4.12504 1
-9.80025 -9.32552 -4.69563 0
-9.76459 -9.10239 1.46853 0
-9.73771 -8.87839 1.45118 0
-9.70803 -8.65486 1.43862 0
-9.68133 -8.43524 1.44269 0
-9.65273 -8.21843 1.43874 0
-9.62216 -7.99795 1.44072 0
-9.59764 -7.77647 1.45276 0
-9.57152 -7.55314 1.46618 0
-9.54868 -7.32887 1.4813 0
-9.52959 -7.11167 1.49459 0
-9.51853 -6.8842 1.51401 0
-9.50939 -6.65931 1.53258 0
-9.50257 -6.43635 1.52742 0
-9.49166 -6.22116 1.5058 0
-9.47837 -5.99855 1.49901 0
-9.46315 -5.77114 1.48466 0
-9.44636 -5.54653 1.49528 0
-9.43851 -5.32191 1.54839 0
-9.44446 -5.10589 -4.68378 0
-9.45636 -4.88594 -4.67858 0
-9.4611 -4.6658 -4.69581 0
-9.46418 -4.44319 -4.7112 0
-9.46246 -4.21607 1.56149 0
-9.45824 -4.00263 1.55841 0
-9.45381 -3.77757 1.55896 0
-9.45441 -3.55821 -4.70396 0
-9.4597 -3.34234 -4.70008 3
-9.46047 -3.11583 -4.71006 3
-9.46016 -2.89321 1.55123 3
-9.45236 -2.66762 1.52768 3
-9.44267 -2.44593 1.51575 3
-9.43005 -2.22669 1.52808 3
-9.4231 -2.00746 1.55172 3
-9.4216 -1.78532 1.56074 3
-9.41654 -1.5635 1.54807 3
-9.41305 -1.33847 1.54143 3
-9.40831 -1.12042 1.54205 3
-9.39966 -0.905077 1.5357 3
-9.39194 -0.679885 1.53423 3
-9.38445 -0.460684 1.52265 3
-9.37255 -0.236352 1.53003 3
-9.36536 -0.0133317 1.54012 3
-9.35609 0.201738 1.5231 3
-9.34125 0.414205 1.49586 3
-9.36938 0.461715 -4.27242 3
-9.39591 0.433206 -3.66495 3
-9.40203 0.399713 -3.09259 1
-9.6239 0.373419 -3.01613 1
-9.84311 0.346908 -3.02865 1
-10.0619 0.321543 -3.04194 1
-10.2844 0.300227 -3.0513 1
-10.5032 0.282777 -3.06068 1
-10.729 0.264849 -3.07039 1
-10.9513 0.247087 -3.07307 1
-11.1704 0.229077 -3.07318 1
-11.3879 0.211848 -3.0789 1
-11.6099 0.199917 -3.07841 1
-11.8051 0.187453 -3.07511 1
-11.8055 0.154714 -2.46702 1
-11.775 0.134773 -1.87558 1
-11.7817 -0.125764 -1.65833 0
-11.806 -0.348726 -1.66849 0
-11.8273 -0.567409 -1.65936 0
-11.8444 -0.792836 -1.64111 0
-11.8563 -1.01566 -1.61791 0
-11.8704 -1.23763 -1.62498 0
-11.8835 -1.45546 -1.62599 0
-11.8911 -1.68282 -1.60626 0
-11.8952 -1.9037 -1.58143 0
-11.8946 -2.12312 -1.56467 0
-11.8932 -2.34993 -1.56367 0
-11.8906 -2.56755 -1.57642 0
-11.8911 -2.79284 -1.5783 0
-11.8972 -3.00838 -1.58352 0
-11.8993 -3.23108 -1.58586 0
-11.9033 -3.45382 -1.59461 0
-11.9091 -3.67169 -1.59961 0
-11.9162 -3.8993 -1.60205 0
-11.9233 -4.11738 -1.60817 0
-11.9322 -4.34018 -1.61164 0
-11.941 -4.558 -1.61169 0
-11.9506 -4.78523 -1.61458 0
-11.96 -5.00034 -1.61903 0
-11.9714 -5.22697 -1.61962 0
-11.9822 -5.45018 -1.62546 0
-11.993 -5.66825 -1.62893 3
-12.005 -5.89255 -1.62506 3
-12.0203 -6.10994 -1.62658 3
-12.0334 -6.33284 -1.62884 3
-12.0432 -6.55152 -1.63396 3
-12.0577 -6.77933 -1.63465 3
-12.0714 -7.0055 -1.62656 3
-12.0839 -7.22472 -1.62524 3
-12.0947 -7.44816 -1.62581 3
-12.1043 -7.66504 -1.62666 3
-12.1168 -7.89016 -1.63461 3
-12.1316 -8.11434 -1.63623 3
-12.1479 -8.33663 -1.63921 3
-12.1655 -8.55792 -1.64518 3
-12.1814 -8.7745 -1.64813 3
-12.1972 -8.99215 -1.65427 3
-12.2409 -9.09282 -2.27664 3
-12.2608 -9.06199 -2.86007 1
-12.2574 -9.02464 -3.45216 1
-12.2386 -8.99482 -4.02533 1
-12.2044 -8.98162 -4.6209 1
-12.173 -8.738 1.45399 0
-12.1456 -8.51655 1.44184 0
-12.1144 -8.29813 1.4405 0
-12.0847 -8.07199 1.44048 0
-12.0568 -7.85552 1.4409 0
-12.0281 -7.63434 1.43496 0
-11.9976 -7.42051 1.42561 0
-11.9694 -7.19449 1.43435 0
-11.9387 -6.97295 1.442 0
-11.9153 -6.75111 1.46042 0
-11.8954 -6.52413 1.48271 0
-11.8813 -6.31103 1.51393 0
-11.8774 -6.09049 1.55769 0
-11.8773 -5.86976 -4.70761 0
-11.8747 -5.64473 1.5693 0
-11.8741 -5.4223 1.55531 0
-11.8693 -5.20388 1.55057 0
-11.8624 -4.98334 1.54426 0
-11.8602 -4.76306 1.55273 0
-11.8548 -4.46137 1.55233 3
-11.8509 -4.25487 1.54789 3
-11.8465 -4.02683 1.55455 3
-11.8397 -3.80579 1.54879 3
-11.8349 -3.58236 1.53571 3
-11.8279 -3.35527 1.53663 3
-11.8217 -3.13867 1.53585 3
-11.8148 -2.91651 1.53361 3
-11.8027 -2.69651 1.52118 3
-11.7925 -2.47473 1.5201 3
-11.7819 -2.25337 1.51478 3
-11.7707 -2.03316 1.51498 3
-11.759 -1.81057 1.5071 3
-11.7466 -1.59074 1.5143 3
-11.7313 -1.36807 1.51339 3
-11.7159 -1.14884 1.50931 3
-11.7024 -0.930473 1.50356 3
-11.6887 -0.706336 1.50216 3
-11.6751 -0.482481 1.5008 3
-11.6583 -0.262388 1.49618 3
-11.6422 -0.0410229 1.48839 3
-11.6255 0.176514 1.48223 3
-11.6044 0.398891 1.47231 3
-11.5373 0.611528 1.1233 3
-11.4741 0.634768 0.553586 3
-11.2322 0.668407 0.055323 3
-10.9463 0.630501 -0.192002 1
-10.7173 0.576126 -0.246497 1
-10.49 0.519835 -0.237148 1
-10.2827 0.474632 -0.209425 1
-10.0757 0.446144 -0.11167 1
-9.87039 0.436133 -0.0148271 1
-9.64633 0.422595 -0.0925003 1
-9.42217 0.397276 -0.120599 1
-9.20157 0.368791 -0.13058 1
-8.97611 0.336384 -0.150995 1
-8.76146 0.304162 -0.139893 1
-8.54184 0.282136 -0.0912971 1
-8.3287 0.264157 -0.0760589 1
-8.10133 0.246688 -0.0948523 1
-7.87713 0.22109 -0.11248 1
-7.65531 0.195734 -0.123842 1
-7.43622 0.171131 -0.111406 1
-7.22184 0.150137 -0.0782848 1
-6.99853 0.134528 -0.0790983 1
-6.777 0.115942 -0.0983701 1
-6.5499 0.0936927 -0.0955561 1
-6.33615 0.0730487 -0.0933931 1
-6.11506 0.0521501 -0.0990617 1
-5.89284 0.0304262 -0.106454 1
-5.67098 0.00667661 -0.104365 1
-5.44873 -0.0140843 -0.106819 1
-5.23382 -0.0339757 -0.106193 1
-5.00556 -0.0571226 -0.0922979 1
-4.78507 -0.075191 -0.0775853 1
-4.5627 -0.0931117 -0.0864099 1
-4.34526 -0.114047 -0.089442 1
-4.12395 -0.132876 -0.0695833 1
-3.89688 -0.142544 -0.0624937 1
-3.67652 -0.159396 -0.0732055 3
-3.45439 -0.174561 -0.0807125 1
-3.23243 -0.191129 -0.0827851 1
-3.02043 -0.208734 -0.0785864 1
-2.7955 -0.21786 -0.0540094 1
-2.57277 -0.223108 -0.0223641 1
-2.34818 -0.224535 -0.0142629 1
-2.13292 -0.22967 -0.0278457 1
-1.91039 -0.235334 -0.0317454 1
-1.68835 -0.242154 -0.0348185 1
-1.46573 -0.249316 -0.0437274 1
-1.24749 -0.25889 -0.0445689 1
-1.03083 -0.268599 -0.0433099 1
-0.803325 -0.27857 -0.0461969 1
-0.58104 -0.289076 -0.0493665 1
-0.364916 -0.297637 -0.0454158 1
-0.14217 -0.309339 -0.0484921 1
0.0776014 -0.319508 -0.0310151 1
0.296844 -0.307001 0.0577856 0
0.351758 -0.245439 0.758936 1
0.314948 -0.241737 1.33192 1
0.330683 0.0161361 1.4616 1
0.35568 0.238056 1.46329 0
0.36962 0.461068 1.51928 0
0.374686 0.683219 1.56547 0
0.387029 0.906939 1.47699 0
0.412909 1.12745 1.43898 0
0.439706 1.36415 1.46718 0
0.456246 1.58144 1.50454 0
0.457818 1.79547 -4.69013 0
0.451033 2.01153 -4.69094 0
0.450212 2.23623 -4.70312 0
0.450613 2.46042 1.57129 0
0.447806 2.67925 1.57102 0
0.447531 2.89894 1.56961 0
0.447788 3.11826 1.57086 0
0.447993 3.34013 1.56583 0
0.450211 3.56062 1.55933 0
0.451267 3.77919 1.55719 0
0.454626 4.00359 1.5497 0
0.459836 4.21848 1.54976 0
0.464878 4.44593 1.54676 0
0.470432 4.6655 1.54215 0
0.476532 4.88517 1.54758 0
0.484552 5.10741 1.54143 0
0.491171 5.32669 1.53163 0
0.499454 5.55431 1.52849 0
0.508154 5.77331 1.52074 0
0.518421 5.99123 1.52819 0
0.530904 6.21212 1.51818 0
0.54281 6.43467 1.51823 0
0.555627 6.66204 1.5145 0
0.567722 6.876 1.50972 0
0.582443 7.09696 1.5091 1
0.596803 7.31488 1.50235 1
0.613476 7.53888 1.50445 1
0.629094 7.75999 1.50414 1
0.647496 7.98332 1.50102 1
0.659112 8.20433 1.50079 1
0.675287 8.42149 1.49065 1
0.694547 8.6443 1.48705 1
0.714737 8.86506 1.48593 1
0.732063 9.08995 1.49578 1
0.747769 9.31665 1.49323 1
0.763376 9.54095 1.49511 1
0.77919 9.75997 1.50585 1
0.790159 9.97199 1.54098 1
0.824266 10.0669 1.02428 1
0.850869 10.0404 0.421983 1
0.85574 10.0041 -0.172189 1
0.839407 9.9711 -0.762448 1
0.80735 9.95323 -1.34743 0
0.781327 9.69802 -1.63895 0
0.753086 9.46889 -1.74282 0
0.693533 9.23866 -1.85455 0
0.613487 9.00952 -1.91233 0
0.5627 8.80619 -1.7634 0
0.59417 8.54085 -1.39655 0
0.626384 8.30727 -1.46715 0
0.625666 8.09879 -1.61268 0
0.606929 7.87702 -1.64606 0
0.597802 7.6576 -1.59582 0
0.596719 7.44875 -1.55273 0
0.598974 7.22088 -1.56169 0
0.595548 6.99894 -1.58339 0
0.593645 6.77584 -1.5846 0
0.593156 6.55452 -1.5859 0
0.587287 6.33639 -1.58401 0
0.581991 6.11077 -1.58996 0
0.58113 5.89143 -1.59201 0
0.574712 5.67265 -1.58781 0
0.569249 5.45013 -1.58964 3
0.563334 5.22946 -1.59767 3
0.560444 5.00385 -1.60348 3
0.550235 4.78369 -1.61806 3
0.540996 4.56179 -1.62888 3
0.523732 4.34338 -1.66891 3
0.496567 4.12158 -1.70882 3
0.45855 3.89109 -1.74457 3
0.418006 3.66238 -1.75133 3
0.386059 3.44553 -1.71723 3
0.365122 3.24076 -1.65223 3
0.352304 3.01923 -1.60343 3
0.343708 2.79556 -1.61729 3
0.328531 2.57361 -1.64509 3
0.312842 2.35102 -1.653 3
0.296385 2.13352 -1.6582 3
0.27717 1.91047 -1.65259 3
0.26194 1.69224 -1.63402 3
0.244282 1.47407 -1.65854 3
0.167259 1.32296 -2.21335 3
0.0203695 1.26642 -2.77814 1
-0.187909 1.24342 -3.08922 1
-0.432103 1.26888 -3.30424 1
-0.667144 1.33394 -3.46378 1
-0.905935 1.33124 -3.04314 1
-1.12693 1.27887 -2.88482 1
-1.3626 1.22385 -2.94115 1
-1.57417 1.20667 -3.11358 1
-1.77509 1.23224 -3.33496 1
-2.00616 1.29352 -3.4135 1
-2.21918 1.36293 -3.47965 1
-2.23852 1.40798 -4.06655 1
-2.20778 1.42484 -4.6409 0
-2.20732 1.71838 -4.68009 0
-2.20835 1.94582 1.55531 0
-2.1967 2.16982 1.49367 0
-2.17799 2.39269 1.47153 0
-2.15461 2.60968 1.47081 0
-2.13324 2.83176 1.47777 0
-2.11168 3.05324 1.47454 0
-2.08911 3.27415 1.45618 0
-2.05982 3.49771 1.42462 0
-2.02274 3.72021 1.40946 0
-1.99226 3.94883 1.45052 0
-1.97554 4.15898 1.5032 0
-1.96161 4.3772 1.51178 0
-1.94912 4.595 1.50386 0
-1.93176 4.82248 1.49061 0
-1.9103 5.04234 1.48379 0
-1.89184 5.26394 1.48425 0
-1.87554 5.47966 1.49758 0
-1.85978 5.70251 1.49138 0
-1.84171 5.93006 1.4866 0
-1.82693 6.15258 1.50284 0
-1.81826 6.37469 1.55305 0
-1.82044 6.59381 1.56598 0
-1.81257 6.81668 1.53725 1
-1.80535 7.03468 1.53513 1
-1.79849 7.26004 1.54421 1
-1.79319 7.4845 1.53852 1
-1.7894 7.69656 1.54023 1
-1.78092 7.92453 1.54158 1
-1.77153 8.14445 1.52863 1
-1.76334 8.36355 1.5267 1
-1.75458 8.592 1.53413 1
-1.74765 8.81051 1.53049 1
-1.74 9.03592 1.52589 1
-1.72731 9.25626 1.52231 1
-1.71315 9.47351 1.5169 1
-1.7027 9.6941 1.51956 1
-1.69328 9.91731 1.5152 1
-1.67793 10.1301 1.50514 1
-1.63877 10.1916 0.948528 1
-1.61852 10.1605 0.342146 1
-1.61676 10.1243 -0.250174 1
-1.63343 10.0926 -0.830502 1
-1.6663 10.0761 -1.4186 0
-1.68883 9.78853 -1.56667 0
-1.68703 9.56896 -1.57295 0
-1.6895 9.33832 -1.58946 0
-1.69604 9.11953 -1.61724 0
-1.7119 8.89782 -1.66506 0
-1.73235 8.67559 -1.67167 0
-1.75246 8.45605 -1.66191 0
-1.7709 8.23131 -1.64936 0
-1.79024 8.01589 -1.6546 0
-1.80808 7.79457 -1.66928 0
-1.83104 7.57761 -1.67106 0
-1.85532 7.35142 -1.67576 0
-1.8797 7.13701 -1.69148 0
-1.90126 6.93604 -1.68663 0
-1.92272 6.68886 -1.64624 0
-1.93496 6.47604 -1.60155 0
-1.94209 6.24827 -1.61065 0
-1.95588 6.03071 -1.63033 0
-1.96755 5.80779 -1.64692 0
-1.98321 5.5804 -1.64415 0
-1.99789 5.36524 -1.64109 0
-2.01662 5.14079 -1.65344 0
-2.03425 4.92264 -1.6568 3
-2.04565 4.69687 -1.62792 3
-2.05477 4.47751 -1.5943 3
-2.0569 4.25607 -1.57071 3
-2.05681 4.02845 -1.58742 3
-2.06384 3.81159 -1.59507 3
-2.0678 3.58858 -1.58908 3
-2.07055 3.37003 -1.59829 3
-2.07466 3.14879 -1.59863 3
-2.08271 2.92556 -1.59465 3
-2.08828 2.70291 -1.60166 3
-2.0948 2.48222 -1.59964 3
-2.10298 2.26275 -1.59966 3
-2.10985 2.03998 -1.60205 3
-2.11762 1.81697 -1.613 3
-2.13087 1.59501 -1.62594 3
-2.15486 1.3895 -1.69931 3
-2.25171 1.27973 -2.36378 3
-2.43645 1.2233 -2.9045 1
-2.65941 1.20211 -3.08338 1
-2.89827 1.20857 -3.1994 1
-3.13104 1.24334 -3.30312 1
-3.35866 1.28449 -3.32466 1
-3.57015 1.29695 -3.15894 1
-3.82743 1.26081 -2.93513 1
-4.04803 1.23275 -3.04412 1
-4.27036 1.24455 -3.2625 1
-4.48859 1.30992 -3.49499 1
-4.62243 1.44704 -4.17447 1
-4.60634 1.49193 -4.69472 0
-4.58404 1.72576 1.52233 0
-4.57077 1.95129 1.51079 0
-4.55831 2.17384 1.5062 0
-4.54498 2.39347 1.51009 0
-4.53439 2.61216 1.51036 0
-4.51904 2.83963 1.50543 0
-4.50284 3.06208 1.50308 0
-4.48808 3.2795 1.50542 0
-4.47165 3.49833 1.5058 0
-4.45546 3.71692 1.49427 0
-4.4425 3.93741 1.50137 0
-4.42578 4.16472 1.49785 0
-4.40889 4.38703 1.49586 0
-4.39408 4.59678 1.49651 0
-4.37395 4.82215 1.49222 0
-4.35649 5.04493 1.4919 0
-4.33894 5.26338 1.48264 0
-4.31786 5.48946 1.47641 0
-4.29757 5.70252 1.46825 0
-4.2746 5.92926 1.47307 0
-4.25304 6.15104 1.47704 0
-4.23389 6.36604 1.47888 1
-4.21411 6.58832 1.49018 1
-4.19858 6.80819 1.50064 1
-4.18577 7.03321 1.51427 1
-4.17259 7.25591 1.51499 1
-4.15952 7.47421 1.50327 1
-4.14479 7.69897 1.50912 1
-4.12934 7.91953 1.50753 1
-4.11907 8.14056 1.50883 1
-4.10516 8.36288 1.51402 1
-4.09442 8.5884 1.51796 1
-4.09123 8.80381 1.56131 1
-4.0923 9.02905 -4.70963 1
-4.09107 9.25002 1.5662 1
-4.09246 9.4713 1.56979 1
-4.09103 9.69841 1.56622 1
-4.08882 9.91699 1.56341 1
-4.08718 10.139 1.56021 1
-4.08463 10.3477 1.55224 1
-4.0489 10.3882 0.937722 1
-4.02683 10.3576 0.334089 1
-4.02384 10.3219 -0.258825 1
-4.04293 10.2905 -0.843121 1
-4.07561 10.2755 -1.4274 0
-4.07394 10.0352 -1.5145 0
-4.0764 9.81668 -1.60272 0
-4.09436 9.58868 -1.6851 0
-4.13279 9.3637 -1.75341 0
-4.18002 9.14588 -1.7885 0
-4.22939 8.91952 -1.78448 0
-4.2715 8.70515 -1.75556 0
-4.29998 8.49663 -1.69274 0
-4.32135 8.27771 -1.6547 0
-4.34318 8.05465 -1.68815 0
-4.37465 7.82908 -1.71516 0
-4.40488 7.60336 -1.71443 0
-4.42852 7.38135 -1.65766 0
-4.43453 7.16494 -1.5787 0
-4.43444 6.94442 -1.57707 0
-4.44031 6.71857 -1.60852 0
-4.44632 6.48835 -1.60655 0
-4.45309 6.26929 -1.6066 0
-4.45929 6.05351 -1.59731 0
-4.46634 5.82817 -1.59261 0
-4.46917 5.60897 -1.59805 0
-4.47487 5.38578 -1.61544 3
-4.48548 5.16277 -1.61984 3
-4.49444 4.94206 -1.6038 3
-4.50024 4.71656 -1.57737 3
-4.50131 4.49812 -1.57733 3
-4.50373 4.27485 -1.59208 3
-4.51079 4.05898 -1.60278 3
-4.51621 3.83095 -1.60585 3
-4.52228 3.60789 -1.61687 3
-4.53214 3.38476 -1.62753 3
-4.54435 3.16654 -1.61701 3
-4.55321 2.94863 -1.61954 3
-4.56034 2.72793 -1.61278 3
-4.5699 2.50527 -1.61663 3
-4.58229 2.27896 -1.62284 3
-4.59105 2.05955 -1.6248 3
-4.61568 1.8423 -1.69672 3
-4.67389 1.65408 -1.93269 3
-4.81509 1.53274 -2.56261 1
-5.07644 1.45075 -2.97528 1
-5.32621 1.43487 -3.12086 1
-5.55928 1.44824 -3.22845 1
-5.77281 1.4364 -3.03146 1
-6.02474 1.35828 -2.78207 1
-6.23808 1.29919 -2.90607 1
-6.4596 1.27381 -3.08179 1
-6.6933 1.27919 -3.19101 1
-6.91066 1.3405 -3.52652 1
-6.95466 1.41177 -4.03224 1
-7.02973 1.63335 -4.44067 1
-7.0305 1.90472 1.46748 0
-6.97948 2.14512 1.33834 0
-6.91849 2.37186 1.28712 0
-6.8898 2.57639 1.48676 0
-6.90428 2.84297 -4.60703 0
-6.91509 3.0709 -4.69817 0
-6.90801 3.28961 1.50209 0
-6.88502 3.52021 1.4595 0
-6.85957 3.74643 1.45675 0
-6.84106 3.96197 1.49014 0
-6.83173 4.17542 1.54681 0
-6.82877 4.39412 1.54405 0
-6.81744 4.62155 1.52923 0
-6.80841 4.84446 1.51403 0
-6.79449 5.06326 1.50789 0
-6.77859 5.28155 1.5023 0
-6.76721 5.5014 1.50524 0
-6.75295 5.72384 1.50508 0
-6.73855 5.95117 1.49908 0
-6.72395 6.16859 1.4962 0
-6.71113 6.38372 1.50293 0
-6.69521 6.61103 1.48858 0
-6.67608 6.82955 1.48214 0
-6.6554 7.04991 1.47577 0
-6.63356 7.2754 1.48003 1
-6.61487 7.49085 1.48079 1
-6.59513 7.71827 1.48024 1
-6.57646 7.93642 1.48337 1
-6.55905 8.15664 1.48623 1
-6.54039 8.37934 1.48507 1
-6.52013 8.60217 1.47938 1
-6.49742 8.82824 1.48768 1
-6.48185 9.04335 1.48865 1
-6.46125 9.2627 1.49441 1
-6.4451 9.47937 1.50396 1
-6.43204 9.70319 1.50965 1
-6.41598 9.91901 1.49695 1
-6.39726 10.1423 1.4925 1
-6.3816 10.3535 1.47321 1
-6.34583 10.3769 0.937071 1
-6.32396 10.3473 0.334208 1
-6.32242 10.3109 -0.252118 1
-6.3412 10.2796 -0.837914 1
-6.37331 10.2673 -1.43311 0
-6.4225 10.1187 -1.9958 0
-6.49888 9.91712 -2.01257 0
-6.49174 9.63523 -1.58803 0
-6.50062 9.40984 -1.61182 0
-6.50956 9.19558 -1.61871 0
-6.51972 8.96774 -1.62538 0
-6.53153 8.75111 -1.62842 0
-6.54361 8.52844 -1.6269 0
-6.55525 8.30432 -1.63621 0
-6.56763 8.08838 -1.63789 0
-6.58026 7.85941 -1.62025 0
-6.58577 7.63807 -1.60026 0
-6.5938 7.41861 -1.59702 0
-6.60167 7.19193 -1.59987 0
-6.60488 6.96987 -1.59709 0
-6.61068 6.74237 -1.60063 0
-6.61324 6.52133 -1.58178 0
-6.61235 6.3037 -1.56121 0
-6.60662 6.08523 -1.5408 0
-6.59872 5.86235 -1.54608 0
-6.59265 5.64211 -1.55235 0
-6.5909 5.41501 -1.55996 3
-6.5882 5.19215 -1.55893 3
-6.58521 4.97518 -1.56858 3
-6.58254 4.74934 -1.57157 3
-6.57971 4.53097 -1.57108 3
-6.58128 4.30777 -1.57869 3
-6.58424 4.08564 -1.58278 3
-6.58674 3.86378 -1.58692 3
-6.58834 3.63853 -1.59632 3
-6.59184 3.42013 -1.59843 3
-6.59992 3.19685 -1.6 3
-6.60913 2.98142 -1.60802 3
-6.61568 2.75615 -1.60714 3
-6.62312 2.53292 -1.61377 3
-6.63442 2.30998 -1.61431 3
-6.64667 2.08711 -1.61903 3
-6.65996 1.8718 -1.62615 3
-6.67136 1.6484 -1.63286 3
-6.68388 1.42562 -1.63394 3
-6.69732 1.20101 -1.63563 3
-6.71271 0.988699 -1.64312 3
-6.72921 0.760426 -1.65387 3
-6.75806 0.551578 -1.73079 3
-6.87434 0.417224 -2.37736 3
-7.05378 0.303343 -2.63966 1
-7.27457 0.222469 -2.83807 1
-7.51408 0.182522 -3.02518 1
-7.75384 0.177513 -3.17147 1
-7.9695 0.168363 -3.07096 1
-8.2175 0.107935 -2.82996 1
-8.43552 0.0520115 -2.93913 1
-8.65617 0.032393 -3.12353 1
-8.89739 0.0503824 -3.25093 1
-9.13563 0.0937641 -3.34145 1
-9.3452 0.145016 -3.40269 1
-9.59034 0.222631 -3.45272 1
-9.75821 0.362058 -4.05671 1
-9.81994 0.595316 -4.60992 1
-9.7887 0.82309 1.37445 1
-9.70955 1.06295 1.1988 1
-9.67549 1.30024 1.51087 1
-9.69897 1.50284 -4.52746 1
-9.66641 1.58114 1.19322 0
-9.50754 1.80117 0.999425 0
-9.38662 1.98715 1.00303 0
-9.27116 2.17064 1.01183 0
-9.15148 2.35896 1.02158 0
-9.04411 2.55664 1.07261 0
-8.95023 2.75836 1.15763 0
-8.87769 2.96754 1.27873 0
-8.80875 3.18189 1.24595 0
-8.7276 3.37527 1.11682 1
-8.72884 3.60265 1.54319 0
-8.73283 3.82126 -4.68962 0
-8.73537 4.04815 1.564 0
-8.73031 4.27149 1.52311 0
-8.7195 4.49704 1.51903 0
-8.70978 4.71946 1.52024 0
-8.70504 4.94511 1.56212 0
-8.71674 5.16441 -4.63719 0
-8.72697 5.38588 -4.67701 0
-8.72209 5.61244 1.49974 0
-8.70309 5.84083 1.48306 0
-8.68888 6.07379 1.53316 0
-8.71 6.33762 -4.59366 0
-8.74543 6.54495 -4.48918 0
-8.76936 6.76332 -4.65954 1
-8.75501 7.00506 1.4702 1
-8.71824 7.24598 1.38363 1
-8.67407 7.47459 1.37558 1
-8.67696 7.67726 -4.63912 1
-8.72526 7.87939 -4.41693 1
-8.78636 8.1129 -4.5025 1
-8.79977 8.32881 -4.70715 1
-8.78592 8.56561 1.48264 1
-8.76033 8.79393 1.44408 1
-8.74007 9.01796 1.49423 1
-8.74089 9.22708 -4.68903 1
-8.78224 9.49366 -4.51991 1
-8.817 9.71411 -4.56164 1
-8.82713 9.93962 1.55004 1
-8.79612 10.1835 1.40788 1
-8.74335 10.3195 0.887975 1
-8.72429 10.2869 0.282549 1
-8.72765 10.2492 -0.329152 1
-8.74389 10.2176 -0.852095 1
-8.76977 10.2064 -1.35615 0
-8.82346 9.9265 -1.68417 0
-8.86709 9.70196 -1.78579 0
-8.9243 9.47887 -1.84823 0
-8.995 9.25536 -1.86839 0
-9.05259 9.05206 -1.84369 0
-9.08817 8.83969 -1.70011 0
-9.09464 8.61955 -1.56178 0
-9.09319 8.38075 -1.574 0
-9.1041 8.15941 -1.63194 0
-9.13182 7.95696 -1.7514 0
-9.1621 7.73074 -1.69775 0
-9.17151 7.51784 -1.57554 0
-9.1648 7.29017 -1.55602 0
-9.16316 7.06734 -1.56663 0
-9.16711 6.84436 -1.59142 0
-9.16864 6.62344 -1.59538 0
-9.16117 6.40375 -1.52293 0
-9.14746 6.18364 -1.5041 0
-9.13587 5.96287 -1.53477 0
-9.12302 5.73107 -1.51429 0
-9.10076 5.50939 -1.46146 0
-9.0659 5.29421 -1.38771 0
-9.02252 5.07768 -1.37553 0
-8.98359 4.85965 -1.39489 0
-8.93871 4.64099 -1.36911 0
-8.89111 4.4352 -1.32256 0
-8.82918 4.22017 -1.28648 0
-8.77956 4.00216 -1.38414 0
-8.76663 3.77407 -1.57687 0
-8.79875 3.53301 -1.73836 3
-8.86566 3.30213 -1.89694 3
-8.93557 3.08925 -1.90447 3
-8.98062 2.8896 -1.7576 3
-9.01706 2.65013 -1.70792 3
-9.05028 2.62259 -2.19468 3
-9.17662 2.43999 -2.15374 3
-9.30718 2.25564 -2.20688 3
-9.4544 2.07783 -2.27771 1
-9.61067 1.90112 -2.28959 1
-9.75216 1.72425 -2.23927 3
-9.87507 1.55801 -2.19081 3
-10.0342 1.36998 -2.30334 1
-10.1583 1.33127 -2.85842 1
-10.3704 1.29917 -3.03347 1
-10.6048 1.28954 -3.11632 1
-10.8349 1.29264 -3.16793 1
-11.0601 1.30256 -3.19344 1
-11.2846 1.31353 -3.18312 1
-11.4901 1.31643 -3.14245 1
-11.5736 1.35389 -3.74767 1
-11.5328 1.37155 -4.376 1
-11.5051 1.37395 1.41582 0
-11.509 1.62133 -4.70549 0
-11.5095 1.84471 -4.70596 0
-11.5079 2.06278 1.55732 0
-11.5021 2.28392 1.54857 0
-11.4971 2.50692 1.53948 0
-11.4879 2.7366 1.52089 0
-11.4772 2.95542 1.51231 0
-11.4626 3.17485 1.50392 0
-11.4514 3.39478 1.51592 0
-11.442 3.61457 1.5234 0
-11.4334 3.83724 1.52891 0
-11.4254 4.05273 1.53923 0
-11.4177 4.28049 1.54288 0
-11.4099 4.50359 1.52853 0
-11.3979 4.72353 1.51549 0
-11.387 4.94189 1.5 0
-11.3709 5.16464 1.49182 0
-11.3494 5.38473 1.48275 0
-11.331 5.61392 1.48265 0
-11.3119 5.83569 1.50161 0
-11.3053 6.05156 1.53183 0
-11.3017 6.2695 1.56823 0
-11.3035 6.49018 -4.70463 0
-11.3003 6.71326 1.56545 0
-11.3002 6.93668 1.55024 0
-11.2958 7.15506 1.54033 0
-11.289 7.38325 1.52727 1
-11.2774 7.60212 1.5105 1
-11.2658 7.82178 1.50507 1
-11.251 8.04453 1.49642 1
-11.2331 8.26717 1.50008 1
-11.2192 8.49258 1.51269 1
-11.2092 8.71104 1.53724 1
-11.2056 8.92922 1.54821 1
-11.2001 9.14616 1.53745 1
-11.1925 9.37281 1.52071 1
-11.1821 9.59521 1.51237 1
-11.1695 9.81758 1.50714 0
-11.1571 10.0396 1.51363 1
-11.1477 10.2545 1.52261 1
-11.138 10.47 1.51705 1
-11.095 10.5453 0.880038 1
-11.0773 10.5145 0.282135 1
-11.0763 10.4774 -0.310103 1
-11.0969 10.4472 -0.907307 1
-11.1213 10.4003 -1.46011 0
-11.1375 10.142 -1.69508 0
-11.1869 9.90441 -1.80616 0
-11.2603 9.67616 -1.89397 0
-11.3379 9.46263 -1.89738 0
-11.3833 9.26287 -1.76453 0
-11.3892 9.00117 -1.53293 0
-11.3908 8.77321 -1.61208 0
-11.4118 8.54811 -1.70306 0
-11.4481 8.31417 -1.73653 0
-11.4831 8.08607 -1.70941 0
-11.4957 7.87156 -1.60503 0
-11.4797 7.67213 -1.46235 0
-11.4486 7.46339 -1.41376 0
-11.4228 7.24388 -1.47503 0
-11.4062 7.02026 -1.50778 0
-11.3936 6.80077 -1.50742 0
-11.3736 6.58888 -1.47555 0
-11.3508 6.36262 -1.48313 0
-11.3317 6.13832 -1.49818 0
-11.3153 5.91607 -1.50876 0
-11.3033 5.69557 -1.51895 0
-11.2967 5.47801 -1.54556 0
-11.2877 5.25845 -1.54816 0
-11.2839 5.03105 -1.55357 0
-11.2852 4.80836 -1.57298 3
-11.2908 4.59064 -1.62028 3
-11.306 4.36603 -1.6478 3
-11.3214 4.14614 -1.63054 3
-11.3345 3.92858 -1.63115 3
-11.3498 3.70859 -1.6437 3
-11.3627 3.48889 -1.63279 3
-11.3774 3.26114 -1.64151 3
-11.3939 3.03914 -1.64658 3
-11.4123 2.81968 -1.65296 3
-11.4278 2.60207 -1.65893 3
-11.4451 2.38237 -1.65605 3
-11.465 2.1554 -1.65862 3
-11.4841 1.93334 -1.65718 3
-11.5046 1.71392 -1.66495 3
-11.5224 1.50099 -1.67373 3
-11.5636 1.30921 -1.81024 3
-11.6388 1.23931 -2.37795 3
-11.8281 1.18157 -2.87835 1
-12.05 1.14716 -3.0341 1
-12.2666 1.15395 -3.21121 1
-12.4999 1.18361 -3.28309 1
-12.7321 1.22019 -3.31495 1
-12.9598 1.25221 -3.26483 1
-13.1647 1.25966 -3.175 1
-13.3712 1.2614 -3.11756 1
-13.5859 1.28429 -3.324 1
-13.7287 1.40386 -4.01832 1
-13.7824 1.58339 -4.50628 0
-13.8185 1.8026 -4.58946 0
-13.8429 2.03224 -4.60793 0
-13.8629 2.24938 -4.61654 0
-13.8753 2.46588 -4.64516 0
-13.881 2.68179 1.56221 0
-13.8718 2.9088 1.51508 0
-13.8551 3.13331 1.48927 0
-13.8371 3.35618 1.47803 0
-13.8186 3.58229 1.48524 0
-13.8021 3.80194 1.4929 0
-13.7896 4.02179 1.49967 0
-13.7744 4.23645 1.51154 0
-13.7654 4.45699 1.52365 0
-13.7587 4.67535 1.52634 0
-13.7485 4.90025 1.52878 0
-13.7407 5.12463 1.53511 0
-13.7305 5.34094 1.52341 0
-13.7208 5.56379 1.53399 0
-13.7155 5.77926 1.53481 0
-13.706 6.00243 1.5348 0
-13.6971 6.23023 1.53574 0
-13.6868 6.45062 1.5313 0
-13.6815 6.66894 1.52715 0
-13.6703 6.8895 1.53255 0
-13.661 7.11239 1.52708 0
-13.6502 7.33423 1.52456 0
-13.641 7.55689 1.5224 1
-13.6336 7.742 1.51381 1
-13.6186 7.99913 1.51258 1
-13.6074 8.22633 1.52204 1
-13.5987 8.44641 1.52749 1
-13.5891 8.66749 1.54042 1
-13.5844 8.88822 1.55677 1
-13.5837 9.11037 1.56736 1
-13.5881 9.33581 -4.6859 1
-13.6044 9.55414 -4.64206 1
-13.6261 9.7759 -4.62474 1
-13.6444 9.99303 -4.62722 1
-13.6589 10.2148 -4.64653 1
-13.6748 10.4409 -4.65462 1
-13.6889 10.6561 -4.6527 1
-13.6632 10.7292 1.12048 1
-13.6369 10.7024 0.516059 0
-13.6292 10.667 -0.0669077 1
-13.6392 10.6333 -0.637521 1
-13.6689 10.6118 -1.23145 0
-13.6524 10.3669 -1.47365 0
-13.6542 10.1385 -1.62067 0
-13.6886 9.9007 -1.73657 0
-13.7476 9.66516 -1.83344 0
-13.8014 9.44356 -1.78976 0
-13.794 9.18321 -1.45661 0
-13.7711 8.94879 -1.51456 0
-13.7913 8.73153 -1.73651 0
-13.855 8.49708 -1.86365 0
-13.9257 8.28125 -1.87549 0
-13.9047 8.13211 -1.33858 0
-13.8464 7.93381 -1.20412 0
-13.8718 7.70093 -1.60996 0
-13.8825 7.48175 -1.62113 0
-13.8935 7.25409 -1.63617 0
-13.9077 7.03164 -1.64062 0
-13.9242 6.81009 -1.65852 0
-13.9459 6.59496 -1.66497 0
-13.9683 6.37003 -1.6719 0
-13.9877 6.13554 -1.65894 0
-14.0013 5.91644 -1.63241 0
-14.0064 5.69974 -1.56911 0
-13.9945 5.48598 -1.48489 0
-13.9741 5.26363 -1.48995 0
-13.9623 5.0397 -1.53663 3
-13.9596 4.80848 -1.57318 3
-13.9621 4.58686 -1.59533 3
-13.9689 4.37701 -1.58013 3
-13.9665 4.15493 -1.53795 3
-13.9543 3.93386 -1.50932 3
-13.9441 3.71688 -1.52146 3
-13.9338 3.4893 -1.53367 3
-13.9288 3.27388 -1.54997 3
-13.9235 3.04592 -1.54719 3
-13.9175 2.82488 -1.5543 3
-13.9136 2.60523 -1.55939 3
-13.9115 2.38189 -1.56512 3
-13.9099 2.16277 -1.56721 3
-13.8997 1.93099 -1.53879 3
-13.8262 1.7402 -1.06913 3
-13.6274 1.5409 -0.698481 3
-13.4444 1.40644 -0.609772 1
-13.2631 1.2895 -0.569817 1
-13.073 1.17923 -0.529428 1
-12.8741 1.08361 -0.41456 1
-12.672 1.01175 -0.301909 1
-12.4541 0.943775 -0.313099 1
-12.2471 0.867636 -0.363004 1
-12.0393 0.78269 -0.401379 1
-11.8483 0.670782 -0.570062 1
-11.6944 0.519412 -0.860429 1
-11.5731 0.31373 -1.09815 1
-11.5028 0.0862702 -1.31967 1
-11.4804 -0.143397 -1.53525 0
-11.5043 -0.36451 -1.72342 0
-11.5686 -0.591483 -1.87799 0
-11.6555 -0.80768 -1.97635 0
-11.7513 -1.00081 -2.05163 0
-11.8593 -1.17747 -2.13132 0
-11.9566 -1.33185 -2.12429 0
-11.9349 -1.35331 -1.62337 0
-11.9349 -1.64378 -1.58102 0
-11.9278 -1.86737 -1.50891 0
-11.9128 -2.09505 -1.50697 0
-11.9062 -2.31132 -1.55199 0
-11.9001 -2.53943 -1.57945 0
-11.9059 -2.76509 -1.59907 0
-11.9106 -2.99082 -1.58793 0
-11.9077 -3.21148 -1.55793 0
-11.8928 -3.42619 -1.47807 0
-11.8655 -3.63958 -1.41778 0
-11.8401 -3.85887 -1.46344 0
-11.8228 -4.08342 -1.52127 0
-11.8202 -4.31412 -1.57454 0
-11.8261 -4.54677 -1.60943 0
-11.8326 -4.77178 -1.60678 0
-11.8354 -4.98519 -1.57915 0
-11.8269 -5.20276 -1.51913 0
-11.8053 -5.4146 -1.44024 0
-11.7744 -5.63502 -1.42974 0
-11.75 -5.85987 -1.49824 0
-11.7386 -6.07676 -1.55235 3
-11.7367 -6.30331 -1.56814 3
-11.7357 -6.52687 -1.56537 3
-11.7317 -6.74147 -1.54268 3
-11.7219 -6.95802 -1.52065 3
-11.7162 -7.18185 -1.56791 3
-11.7234 -7.41211 -1.62316 3
-11.738 -7.63759 -1.6497 3
-11.7538 -7.85767 -1.64434 3
-11.7682 -8.07329 -1.62026 3
-11.7763 -8.2913 -1.59225 3
-11.7895 -8.51565 -1.62702 3
-11.8242 -8.73044 -1.77525 3
-11.9432 -8.88184 -2.37904 3
-12.186 -8.99847 -2.81945 1
-12.4236 -9.02778 -3.07848 1
-12.6638 -9.01079 -3.25603 1
-12.8809 -8.99042 -3.20118 1
-13.1333 -9.02817 -2.91516 1
-13.3676 -9.06876 -2.99815 1
-13.5838 -9.06941 -3.2131 1
-13.8133 -9.03588 -3.30023 1
-14.0411 -8.99475 -3.32149 1
-14.2508 -8.95552 -3.3348 1
-14.4066 -8.90622 -3.96516 1
-14.3743 -8.89193 -4.52885 0
-14.3689 -8.62399 -4.69962 0
-14.359 -8.40132 1.48927 0
-14.3338 -8.17867 1.42077 0
-14.2905 -7.94875 1.37348 0
-14.2426 -7.72722 1.3569 0
-14.2009 -7.50473 1.39256 0
-14.1782 -7.29833 1.47477 0
-14.1641 -7.08371 1.53915 0
-14.1439 -6.859 1.4402 0
-14.1117 -6.6265 1.40306 0
-14.0711 -6.39149 1.4004 0
-14.037 -6.1655 1.42073 0
-14.0157 -5.93928 1.49224 0
-14.0274 -5.73325 -4.60233 0
-14.0751 -5.53975 -4.4248 0
-14.1323 -5.32805 -4.47231 0
-14.1637 -5.10401 -4.61945 0
-14.1712 -4.86852 -4.68367 0
-14.1703 -4.64425 1.55826 3
-14.1747 -4.41385 -4.69217 3
-14.1937 -4.20558 -4.6002 3
-14.2349 -4.00462 -4.48151 3
-14.2703 -3.7773 -4.56656 3
-14.2916 -3.5598 -4.65887 3
-14.2977 -3.35004 -4.69349 3
-14.3014 -3.10357 -4.70212 3
-14.309 -2.89307 -4.6637 3
-14.3217 -2.67795 -4.62306 3
-14.3084 -2.56941 1.01927 3
-14.1794 -2.52819 0.357963 3
-14.1571 -2.55679 -0.15409 0
-14.0575 -2.65115 -0.770546 0
-14.0675 -2.68544 -1.27538 0
-14.1399 -2.9431 -1.73139 0
-14.1763 -3.16748 -1.74435 0
-14.2128 -3.39042 -1.73702 0
-14.2423 -3.60651 -1.70502 0
-14.2658 -3.81819 -1.66742 0
-14.2861 -4.04524 -1.65918 0
-14.3075 -4.27045 -1.6783 0
-14.3318 -4.49094 -1.6834 0
-14.3542 -4.71867 -1.66865 0
-14.362 -4.93424 -1.59709 0
-14.359 -5.15215 -1.53423 0
-14.3486 -5.37829 -1.53878 0
-14.3449 -5.59958 -1.55183 0
-14.3409 -5.82305 -1.56362 3
-14.3424 -6.04029 -1.56205 3
-14.339 -6.25984 -1.55675 3
-14.3332 -6.4822 -1.55363 3
-14.3279 -6.70415 -1.55945 3
-14.3265 -6.92237 -1.56085 3
-14.3265 -7.15121 -1.56128 3
-14.3263 -7.37196 -1.5688 3
-14.3247 -7.59567 -1.57178 3
-14.3232 -7.81529 -1.57767 3
-14.3241 -8.03791 -1.58444 3
-14.3283 -8.26262 -1.59297 3
-14.3297 -8.48456 -1.59714 3
-14.3348 -8.70807 -1.5974 3
-14.3405 -8.92673 -1.60029 3
-14.3609 -9.13885 -1.68696 3
-14.4558 -9.25898 -2.34169 3
-14.595 -9.29572 -2.91677 1
-14.8825 -9.29771 -3.13161 1
-15.101 -9.29962 -3.13375 1
-15.3287 -9.301 -3.15476 1
-15.5467 -9.29263 -3.18908 1
-15.774 -9.28186 -3.1922 1
-15.994 -9.27279 -3.18168 1
-16.212 -9.2647 -3.18239 1
-16.4321 -9.25745 -3.17329 1
-16.6529 -9.24794 -3.16806 1
-16.8471 -9.23167 -3.22302 1
-16.8784 -9.18677 -3.7866 1
-16.8473 -9.17853 -4.30165 1
-16.8148 -9.17586 1.4733 0
-16.8335 -8.9522 -4.66049 0
-16.8329 -8.72495 1.54577 0
-16.8186 -8.50577 1.47935 0
-16.7945 -8.27365 1.45266 0
-16.7669 -8.05377 1.46314 0
-16.7524 -7.83997 1.50419 0
-16.7445 -7.61871 1.54981 0
-16.7385 -7.39862 1.51704 0
-16.7151 -7.17062 1.45032 0
-16.6837 -6.94681 1.41441 0
-16.652 -6.72635 1.41121 0
-16.627 -6.51113 1.46249 0
-16.6094 -6.29246 1.50197 0
-16.5912 -6.06662 1.49817 0
-16.572 -5.8457 1.48188 0
-16.5538 -5.6259 1.48069 0
-16.5364 -5.40849 1.48349 3
-16.5165 -5.18647 1.48141 3
-16.4976 -4.96465 1.48624 3
-16.4793 -4.74152 1.49727 3
-16.4627 -4.51909 1.49472 3
-16.4513 -4.30169 1.50742 3
-16.4385 -4.07456 1.51253 3
-16.4273 -3.85669 1.53138 3
-16.4213 -3.63295 1.54689 3
-16.4157 -3.41163 1.54526 3
-16.4082 -3.19082 1.53602 3
-16.3979 -2.96887 1.52746 3
-16.3915 -2.74982 1.53154 3
-16.3816 -2.54585 1.51893 3
-16.3472 -2.55474 0.937164 3
-16.3268 -2.58582 0.343792 1
-16.3232 -2.62203 -0.238383 1
-16.3439 -2.65331 -0.829757 0
-16.3773 -2.6692 -1.4263 0
-16.4069 -2.88867 -1.81541 0
-16.455 -3.11117 -1.79247 0
-16.4974 -3.33184 -1.75477 0
-16.5273 -3.54572 -1.69348 0
-16.5462 -3.74827 -1.65542 0
-16.5612 -3.95885 -1.6498 0
-16.5797 -4.18515 -1.66252 0
-16.6032 -4.40934 -1.66436 0
-16.623 -4.63129 -1.66958 0
-16.6424 -4.84639 -1.66812 0
-16.6625 -5.07022 -1.6613 0
-16.6801 -5.2948 -1.63517 0
-16.6892 -5.51765 -1.61649 0
-16.7004 -5.73561 -1.61118 0
-16.7035 -5.95801 -1.59517 3
-16.7085 -6.18032 -1.57847 3
-16.704 -6.40776 -1.56015 3
-16.6979 -6.6282 -1.55308 3
-16.6957 -6.84602 -1.56168 3
-16.6961 -7.06829 -1.56748 3
-16.6981 -7.28851 -1.57011 3
-16.6981 -7.51188 -1.5714 3
-16.6974 -7.73373 -1.57371 3
-16.6974 -7.95637 -1.58191 3
-16.6981 -8.17108 -1.57587 3
-16.7022 -8.396 -1.58188 3
-16.7032 -8.61369 -1.58332 3
-16.7197 -8.8182 -1.66707 3
-16.8191 -8.9458 -2.3031 3
-16.9888 -9.06782 -2.57104 3
-17.1987 -9.16022 -2.78087 1
-17.418 -9.20601 -2.97545 1
-17.6557 -9.22303 -3.09574 1
-17.8874 -9.22923 -3.13488 1
-18.0904 -9.31904 -2.61958 1
-18.2715 -9.45051 -2.45851 1
-18.4408 -9.54905 -2.70524 1
-18.5029 -9.54237 -3.19751 1
-18.4836 -9.50704 -3.77268 1
-18.4542 -9.48545 -4.36493 1
-18.4153 -9.27366 1.50886 1
-18.3967 -9.05778 1.4517 1
-18.368 -8.84092 1.42229 1
-18.3325 -8.62896 1.40742 1
-18.3661 -8.62337 -4.31429 0
-18.4864 -8.55108 -3.81286 0
-18.6449 -8.42108 -3.83716 0
-18.6609 -8.33627 -4.35058 0
-18.6757 -8.11906 -4.60215 0
-18.6985 -7.89485 -4.60526 0
-18.7294 -7.62824 -4.60397 0
-18.754 -7.39718 -4.59689 0
-18.7825 -7.1505 -4.60723 0
-18.8031 -6.94371 -4.61035 0
-18.8235 -6.72875 -4.62145 0
-18.8377 -6.50679 -4.66795 0
-18.8446 -6.28646 -4.68749 0
-18.8494 -6.0633 -4.69173 0
-18.8569 -5.83821 -4.68391 0
-18.8616 -5.62001 -4.66828 0
-18.8697 -5.39963 -4.68026 3
-18.8758 -5.18126 -4.70296 3
-18.8747 -4.9604 -4.70365 3
-18.8784 -4.73733 -4.69702 3
-18.882 -4.50939 -4.70182 3
-18.8834 -4.28704 -4.69917 3
-18.8812 -4.06398 1.55096 3
-18.8682 -3.84365 1.4777 3
-18.8452 -3.61204 1.46893 3
-18.8273 -3.39477 1.49916 3
-18.8201 -3.18878 1.55853 3
-18.8203 -2.96256 -4.70932 3
-18.8155 -2.73542 1.53411 3
-18.8015 -2.51366 1.49449 3
-18.7882 -2.29754 1.50562 3
-18.74 -2.18429 0.841747 3
-18.721 -2.21605 0.250523 3
-18.7215 -2.2507 -0.304326 1
-18.7459 -2.28098 -0.930162 1
-18.7798 -2.29297 -1.51366 0
-18.8155 -2.54694 -1.68676 0
-18.8354 -2.77225 -1.66847 0
-18.856 -2.99096 -1.65085 0
-18.8694 -3.20811 -1.64332 0
-18.8836 -3.42756 -1.62377 0
-18.8953 -3.65265 -1.64063 0
-18.9136 -3.87462 -1.64784 0
-18.9303 -4.09433 -1.64383 0
-18.9435 -4.31307 -1.64502 0
-18.9532 -4.53728 -1.60147 0
-18.955 -4.75545 -1.57115 0
-18.959 -4.97738 -1.58471 0
-18.9619 -5.19835 -1.58943 0
-18.9668 -5.42758 -1.60311 0
-18.978 -5.64791 -1.61768 0
-18.987 -5.87019 -1.60975 0
-18.9932 -6.08867 -1.58221 0
-18.9936 -6.3096 -1.57134 0
-18.9955 -6.53748 -1.57134 1
-18.9987 -6.75822 -1.57854 1
-19.0004 -6.97798 -1.57589 1
-19.0026 -7.19769 -1.58696 1
-19.0069 -7.42124 -1.59209 1
-19.012 -7.63999 -1.60059 1
-18.9777 -7.79204 -1.05121 1
-18.82 -7.946 -0.844287 1
-18.6472 -8.14465 -0.866085 1
-18.5763 -8.33505 -1.19393 1
-18.5008 -8.56956 -1.20734 1
-18.4177 -8.75541 -1.16201 1
-18.3339 -8.95248 -1.16591 1
-18.2564 -9.15637 -1.22159 1
-18.2794 -9.27687 -1.76243 1
-18.3784 -9.40742 -2.26277 1
-18.5619 -9.51089 -2.66758 1
-18.759 -9.56108 -2.95163 1
-18.9865 -9.57644 -3.09013 1
-19.1813 -9.59721 -3.01877 1
-19.3817 -9.62269 -2.99888 1
-19.5898 -9.6375 -3.11327 1
-19.8215 -9.63084 -3.19969 1
-20.0529 -9.60293 -3.27906 1
-20.2796 -9.56175 -3.3348 1
-20.4997 -9.51095 -3.3698 1
-20.7112 -9.46715 -3.34887 1
-20.9182 -9.43724 -3.27298 1
-21.1265 -9.41137 -3.24541 1
-21.3206 -9.36493 -3.42278 1
-21.4004 -9.29041 -3.95651 1
-21.4451 -9.08857 -4.48693 1
-21.4533 -8.85548 1.51216 0
-21.457 -8.64429 1.56738 0
-21.445 -8.42334 1.50268 0
-21.4161 -8.19292 1.39572 0
-21.3658 -7.95706 1.35999 0
-21.3188 -7.73058 1.36702 0
-21.3474 -7.5025 -4.43109 0
-21.4285 -7.29801 -4.28503 0
-21.456 -7.04963 1.51257 0
-21.4278 -6.8441 1.37761 0
-21.4415 -6.60697 -4.55975 0
-21.4893 -6.40204 -4.46301 0
-21.4892 -6.23978 -4.61801 0
-21.496 -6.01675 1.55543 0
-21.4742 -5.78017 1.45081 3
-21.4289 -5.53689 1.3765 3
-21.3788 -5.30272 1.32622 3
-21.336 -5.09291 1.38382 3
-21.3143 -4.8902 1.49083 3
-21.3228 -4.62174 -4.62628 3
-21.3256 -4.39603 1.53583 3
-21.3008 -4.16949 1.40812 3
-21.2532 -3.93847 1.3577 3
-21.2065 -3.71742 1.37299 3
-21.1716 -3.50187 1.42753 3
-21.1596 -3.29752 1.52835 3
-21.1609 -3.08218 -4.67808 3
-21.1529 -2.86069 1.50394 3
-21.1333 -2.62592 1.48149 3
-21.1125 -2.40388 1.47932 3
-21.097 -2.18627 1.49706 3
-21.0609 -1.97091 1.3776 3
-21.041 -1.99684 0.831444 3
-21.0256 -2.02922 0.304089 1
-21.0248 -2.06538 -0.277338 1
-21.0429 -2.09626 -0.866249 1
-21.0779 -2.11073 -1.45689 0
-21.09 -2.33929 -1.60901 0
-21.1009 -2.56332 -1.61839 0
-21.1136 -2.77958 -1.61965 0
-21.1235 -2.99734 -1.62309 0
-21.1338 -3.22266 -1.62481 0
-21.1442 -3.44312 -1.624 0
-21.1544 -3.66597 -1.62362 0
-21.1675 -3.8885 -1.62203 0
-21.1808 -4.1087 -1.6256 0
-21.1946 -4.3322 -1.63092 0
-21.2073 -4.55132 -1.63311 0
-21.2179 -4.77184 -1.63661 0
-21.236 -4.98889 -1.63986 0
-21.2488 -5.21321 -1.63416 0
-21.2626 -5.43797 -1.63531 3
-21.2774 -5.65675 -1.64103 3
-21.2941 -5.87631 -1.6513 3
-21.3082 -6.09116 -1.65139 3
-21.3271 -6.31326 -1.64668 3
-21.3458 -6.53876 -1.64835 3
-21.3647 -6.76273 -1.65877 3
-21.3852 -6.98509 -1.66134 3
-21.4069 -7.19947 -1.66464 3
-21.4267 -7.42174 -1.67191 3
-21.4473 -7.64413 -1.67038 3
-21.4667 -7.86342 -1.6733 3
-21.4894 -8.07988 -1.67027 3
-21.5105 -8.30286 -1.67223 3
-21.5326 -8.52477 -1.6723 3
-21.5541 -8.74698 -1.67266 3
-21.5858 -8.95247 -1.73481 3
-21.6854 -9.0803 -2.35303 3
-21.8768 -9.14309 -2.91885 1
-22.1608 -9.12305 -3.2645 1
-22.3942 -9.0776 -3.36617 1
-22.6203 -9.00927 -3.45747 1
-22.8286 -8.94868 -3.39166 1
-23.0308 -8.93824 -3.12076 1
-23.2437 -8.95304 -3.06494 1
-23.4521 -8.9519 -3.19074 1
-23.6791 -8.92818 -3.25642 1
-23.873 -8.89016 -3.32248 1
-23.9002 -8.84587 -3.86502 1
-23.8667 -8.84429 -4.36911 0
-23.8435 -8.60753 -4.67844 0
-23.8512 -8.38463 -4.69094 0
-23.8545 -8.16209 -4.69379 0
-23.8518 -7.94138 1.54043 0
-23.8335 -7.71937 1.47556 0
-23.8041 -7.48827 1.4247 0
-23.7634 -7.26421 1.39471 0
-23.7223 -7.04317 1.38511 0
-23.6835 -6.83563 1.39607 0
-23.6558 -6.6198 1.44673 0
-23.6342 -6.40276 1.49981 0
-23.6225 -6.17796 1.50146 0
-23.6023 -5.95617 1.47882 0
-23.584 -5.74353 1.45737 0
-23.5567 -5.51477 1.44375 3
-23.5289 -5.28864 1.42127 3
-23.4997 -5.06967 1.44054 3
-23.4777 -4.8457 1.46723 3
-23.4627 -4.63584 1.51714 3
-23.4593 -4.41538 -4.70144 3
-23.4587 -4.19042 -4.70694 3
-23.4557 -3.9745 1.56487 3
-23.4557 -3.75606 1.55728 3
-23.4541 -3.53056 1.56568 3
-23.4494 -3.30043 1.55827 3
-23.4453 -3.07797 1.54097 3
-23.4351 -2.85665 1.51528 3
-23.417 -2.63382 1.49587 3
-23.401 -2.40955 1.48871 3
-23.3791 -2.18511 1.47944 3
-23.3617 -1.95854 1.49766 3
-23.3468 -1.7389 1.51842 3
-23.3126 -1.53688 1.3507 3
-23.2959 -1.56792 0.83566 3
-23.278 -1.59794 0.283914 3
-23.2807 -1.63593 -0.306104 1
-23.2993 -1.6672 -0.877366 1
-23.3331 -1.68157 -1.46583 0
-23.3571 -1.95533 -1.62007 0
-23.3745 -2.17777 -1.63687 0
-23.3943 -2.40485 -1.66394 0
-23.4148 -2.62184 -1.67881 0
-23.4441 -2.85051 -1.70365 0
-23.4783 -3.07172 -1.72069 0
-23.5166 -3.29148 -1.7473 0
-23.5572 -3.51029 -1.76758 0
-23.6011 -3.72905 -1.78045 0
-23.6494 -3.95196 -1.77927 0
-23.6953 -4.16805 -1.79569 0
-23.7475 -4.3848 -1.81664 0
-23.8026 -4.60726 -1.81288 0
-23.8522 -4.82732 -1.78317 0
-23.889 -5.05288 -1.72926 0
-23.9066 -5.262 -1.6339 0
-23.9098 -5.47831 -1.57742 0
-23.9146 -5.69683 -1.58864 0
-23.9148 -5.92163 -1.58474 3
-23.9189 -6.1414 -1.5916 3
-23.9234 -6.35819 -1.57335 3
-23.9206 -6.58189 -1.57674 3
-23.9216 -6.8032 -1.58831 3
-23.9252 -7.02764 -1.59179 3
-23.9303 -7.24846 -1.60101 3
-23.936 -7.46995 -1.60266 3
-23.9445 -7.68383 -1.59511 3
-23.9468 -7.90929 -1.58197 3
-23.9493 -8.13237 -1.5884 3
-23.9549 -8.35551 -1.58353 3
-23.9589 -8.57863 -1.58555 3
-23.9641 -8.7974 -1.59707 3
-23.9787 -9.02019 -1.63012 3
-24.0162 -9.23739 -1.78738 3
-24.1276 -9.42143 -2.26741 3
-24.3175 -9.49522 -2.87772 3
-24.558 -9.51857 -3.09458 1
-24.8064 -9.48934 -3.32232 1
-25.0171 -9.46681 -3.2866 1
-25.2664 -9.49183 -2.95277 1
-25.4974 -9.51606 -3.09522 1
-25.7185 -9.4841 -3.38015 1
-25.9381 -9.38629 -3.63445 1
-26.1184 -9.23449 -3.89578 1
-26.2577 -9.0415 -4.14645 1
-26.3451 -8.82048 -4.39674 1
-26.3938 -8.61901 -4.47371 0
-26.3794 -8.3781 -4.70605 0
-26.3809 -8.15493 -4.7105 0
-26.3811 -7.93654 -4.70946 0
-26.38 -7.71545 1.56814 0
-26.3815 -7.4933 1.56543 0
-26.3823 -7.26733 1.56487 0
-26.3794 -7.04566 1.55698 0
-26.3737 -6.82903 1.54781 0
-26.3721 -6.6102 1.54894 0
-26.3665 -6.38632 1.54749 0
-26.3607 -6.15854 1.54847 0
-26.3543 -5.94047 1.53802 0
-26.3453 -5.72023 1.53747 0
-26.3411 -5.50397 1.52732 0
-26.3309 -5.27814 1.52668 0
-26.3194 -5.05909 1.52202 3
-26.3066 -4.83548 1.52092 3
-26.2918 -4.6129 1.51529 3
-26.2808 -4.39371 1.52068 3
-26.2707 -4.16734 1.50811 3
-26.2589 -3.9479 1.4971 3
-26.2457 -3.72766 1.4912 3
-26.2273 -3.50737 1.49819 3
-26.2158 -3.2837 1.5138 3
-26.2034 -3.0581 1.54567 3
-26.2008 -2.84116 1.55756 3
-26.1997 -2.62074 1.55974 3
-26.1971 -2.40195 1.55499 3
-26.1942 -2.17741 1.55585 3
-26.1903 -1.95657 1.54987 3
-26.1843 -1.73822 1.5516 3
-26.143 -1.63214 0.91289 3
-26.1225 -1.66317 0.318386 1
-26.1218 -1.6996 -0.267043 1
-26.14 -1.73061 -0.850112 0
-26.1694 -1.74578 -1.41782 0
-26.1431 -2.03626 -1.42213 0
-26.1264 -2.26114 -1.51803 0
-26.1293 -2.49046 -1.61809 0
-26.1485 -2.72096 -1.67068 0
-26.1711 -2.93953 -1.67128 0
-26.1855 -3.15166 -1.63423 0
-26.1911 -3.36685 -1.56888 0
-26.199 -3.58797 -1.63162 0
-26.2196 -3.80762 -1.69534 0
-26.2508 -4.02602 -1.70518 0
-26.2784 -4.24173 -1.69696 0
-26.3044 -4.45445 -1.66499 0
-26.3205 -4.67461 -1.65891 0
-26.3429 -4.89801 -1.66098 0
-26.3598 -5.10735 -1.66751 0
-26.3771 -5.32767 -1.67086 0
-26.3917 -5.55226 -1.63921 0
-26.4031 -5.76995 -1.62699 0
-26.4092 -5.99133 -1.60241 3
-26.4186 -6.20524 -1.61684 3
-26.4277 -6.43143 -1.61579 3
-26.4359 -6.6525 -1.62259 3
-26.4453 -6.86808 -1.61856 3
-26.4529 -7.09558 -1.6035 3
-26.4574 -7.31978 -1.60219 3
-26.4621 -7.54358 -1.59103 3
-26.4579 -7.76244 -1.5469 3
-26.4478 -7.97462 -1.50363 3
-26.4325 -8.19474 -1.50521 3
-26.4191 -8.41673 -1.5228 3
-26.4091 -8.63821 -1.52785 3
-26.4036 -8.85769 -1.53644 3
-26.3994 -9.07962 -1.54829 3
-26.4444 -9.2823 -1.94563 3
-26.4779 -9.27499 -2.55494 3
-26.4945 -9.23839 -3.06881 1
-26.7302 -9.24622 -3.07503 1
-26.961 -9.25429 -3.13606 1
-27.1861 -9.24833 -3.19192 1
-27.4116 -9.23057 -3.23284 1
-27.6452 -9.2018 -3.29293 1
-27.8656 -9.16184 -3.32946 1
-28.095 -9.10888 -3.37524 1
-28.3119 -9.04805 -3.41158 1
-28.5227 -8.989 -3.41892 1
-28.7099 -8.93084 -3.44251 1
-28.7022 -8.90035 -4.03696 1
-28.672 -8.88578 -4.54717 1
-28.6814 -8.65743 -4.62281 1
-28.6835 -8.42906 1.55713 1
-28.6726 -8.19683 1.51128 1
-28.6551 -7.97369 1.48566 1
-28.6347 -7.75505 1.4876 1
-28.6205 -7.53171 1.52748 1
-28.6198 -7.31696 -4.69778 1
-28.6313 -7.09928 -4.6409 1
-28.6459 -6.88076 -4.65007 1
-28.6551 -6.65902 -4.67531 1
-28.6625 -6.43437 -4.67657 1
-28.6685 -6.20889 -4.6809 1
-28.6734 -5.98861 -4.68988 1
-28.6799 -5.77567 -4.68242 1
-28.6769 -5.58133 1.56196 1
-28.6371 -5.54864 1.02822 1
-28.633 -5.58936 0.516324 1
-28.6206 -5.61941 -0.00976789 1
-28.6324 -5.65537 -0.614437 1
-28.6448 -5.70603 -1.22988 1
-28.6374 -5.93525 -1.55697 1
-28.6481 -6.16856 -1.64917 1
-28.6761 -6.39949 -1.71998 1
-28.7144 -6.6254 -1.7449 1
-28.7477 -6.85182 -1.71254 1
-28.7593 -7.05669 -1.59666 1
-28.7399 -7.25702 -1.4377 1
-28.7072 -7.47541 -1.44218 1
-28.6906 -7.69551 -1.51447 1
-28.6842 -7.9202 -1.55753 1
-28.6869 -8.14554 -1.58517 1
-28.6879 -8.36958 -1.55604 1
-28.6659 -8.58906 -1.44289 1
-28.6112 -8.78015 -1.24744 1
-28.4819 -8.9571 -0.828319 1
-28.281 -9.03256 -0.229982 1
-28.0607 -9.05505 -0.0420986 1
-27.8242 -9.0523 0.0322938 1
-27.6028 -9.04552 0.0177929 1
-27.3999 -9.06246 -0.121829 1
-27.1832 -9.10213 -0.18324 1
-26.9604 -9.1358 -0.127005 1
-26.7433 -9.15919 -0.091 1
-26.5289 -9.1808 -0.0976198 1
-26.3023 -9.20203 -0.112215 1
-26.082 -9.22925 -0.127447 1
-25.8645 -9.26051 -0.133486 1
-25.6466 -9.28833 -0.127984 1
-25.4333 -9.31409 -0.118247 1
-25.2118 -9.34234 -0.109438 1
-24.9889 -9.37012 -0.121316 1
-24.7625 -9.39793 -0.127256 1
-24.5467 -9.42571 -0.129609 1
-24.3308 -9.4534 -0.141025 1
-24.11 -9.48302 -0.13426 1
-23.8912 -9.50962 -0.135307 1
-23.6696 -9.53457 -0.110073 1
-23.4496 -9.55028 -0.0749956 1
-23.2222 -9.56599 -0.0726659 1
-23.003 -9.58476 -0.101081 1
-22.7819 -9.60811 -0.108193 1
-22.5672 -9.63062 -0.106176 1
-22.3488 -9.65767 -0.103696 1
-22.1398 -9.67712 -0.0978792 1
-21.9223 -9.68843 -0.0333593 1
-21.7025 -9.69284 -0.0297278 1
-21.4827 -9.70431 -0.0400227 1
-21.2606 -9.71421 -0.0407039 1
-21.0405 -9.72114 -0.0352046 1
-20.8182 -9.73023 -0.0271994 1
-20.5977 -9.73833 -0.0384296 1
-20.3801 -9.74548 -0.0410376 1
-20.1522 -9.75344 -0.0473305 1
-19.9331 -9.76208 -0.0464721 1
-19.7168 -9.77438 -0.0544547 1
-19.4905 -9.78298 -0.0389585 1
-19.2679 -9.78638 -0.0255181 1
-19.035 -9.78697 -0.000299753 1
-18.8116 -9.77395 0.062696 1
-18.594 -9.74788 0.137454 1
-18.3744 -9.70982 0.193043 1
-18.1597 -9.66751 0.168019 1
-17.9401 -9.63562 0.129348 1
-17.7157 -9.60649 0.126167 1
-17.4978 -9.57868 0.127014 1
-17.2816 -9.55054 0.126684 1
-17.057 -9.52118 0.120552 1
-16.8403 -9.49778 0.119945 1
-16.6211 -9.47074 0.114567 1
-16.3964 -9.44408 0.117895 1
-16.1825 -9.41758 0.113653 1
-15.9597 -9.39532 0.109678 1
-15.7421 -9.37069 0.111123 1
-15.5231 -9.34453 0.113229 1
-15.3028 -9.32153 0.112422 1
-15.0793 -9.29822 0.111873 1
-14.8568 -9.27466 0.106573 1
-14.6396 -9.24314 0.133982 1
-14.4279 -9.20263 0.21296 1
-14.2224 -9.10038 0.57277 1
-14.1919 -9.01345 1.17113 0
-14.2213 -9.01401 -4.56252 0
-14.2505 -9.03246 -4.04135 0
-14.2894 -9.05735 -3.36995 1
-14.5416 -9.09323 -2.93557 1
-14.7662 -9.13078 -2.98301 1
-14.9863 -9.1602 -3.01152 1
-15.2064 -9.18796 -3.02928 1
-15.4292 -9.21162 -3.04466 1
-15.6512 -9.23054 -3.05423 1
-15.8669 -9.24968 -3.04721 1
-16.0823 -9.27187 -3.03226 1
-16.3072 -9.29508 -3.03595 1
-16.5123 -9.29718 -3.15942 1
-16.6049 -9.23715 -3.72453 1
-16.6734 -9.08935 -4.29426 0
-16.7237 -8.88206 -4.50452 0
-16.7535 -8.6415 -4.61375 0
-16.7613 -8.40835 -4.69471 0
-16.7566 -8.18314 1.54118 0
-16.7547 -7.96925 1.55733 0
-16.765 -7.76004 -4.63991 0
-16.7972 -7.55599 -4.51707 0
-16.8307 -7.3338 -4.57704 0
-16.8425 -7.10865 1.5585 0
-16.8255 -6.87922 1.47575 0
-16.7917 -6.64886 1.4044 0
-16.7522 -6.42879 1.39754 0
-16.7202 -6.21268 1.43636 0
-16.7082 -6.01405 1.54341 0
-16.7118 -5.79595 -4.66329 0
-16.7077 -5.56958 1.53061 0
-16.6864 -5.34546 1.43963 3
-16.6525 -5.13017 1.41521 3
-16.6192 -4.91596 1.4246 3
-16.5944 -4.69626 1.45638 3
-16.5729 -4.47722 1.47204 3
-16.5474 -4.25483 1.45311 3
-16.5215 -4.03911 1.44786 3
-16.4954 -3.82322 1.4463 3
-16.4676 -3.60359 1.43162 3
-16.4362 -3.37969 1.4314 3
-16.408 -3.16798 1.43186 3
-16.4063 -3.13488 1.43715 3
-16.4064 -3.13506 1.43655 3
