0 0 0.0 0.0 2
0.0 0.0 5.26763310556e-16 8.60269770718 0
5.26763310556e-16 8.60269770718 6.22167049769e-16 10.1607590074 2
6.22167049769e-16 10.1607590074 1.27368037757e-15 20.8007791056 0
1.27368037757e-15 20.8007791056 1.37978208455e-15 22.5335514781 1
-0.2 22.7335514781 -0.2 12.3055158249 0
-0.2 12.3055158249 -0.2 10.9764501956 2
-0.2 10.9764501956 -0.2 2.18517269648 0
-0.2 2.18517269648 2.42539494953 2.18517269648 1
2.42539494953 2.18517269648 2.42539494953 5.29275415949 0
2.42539494953 5.29275415949 2.42539494953 5.95689647828 2
2.42539494953 5.95689647828 2.42539494953 10.4019924081 0
2.42539494953 10.4019924081 2.42539494953 12.4584343365 3
2.42539494953 12.4584343365 2.42539494953 14.6788939026 0
2.42539494953 14.6788939026 2.42539494953 15.3528791375 2
2.42539494953 15.3528791375 2.42539494953 22.4596871935 0
2.42539494953 22.4596871935 2.42539494953 23.9435625039 1
2.22539494953 24.1435625039 2.22539494953 17.6771869768 0
2.22539494953 17.6771869768 2.22539494953 17.0125304189 2
2.22539494953 17.0125304189 2.22539494953 14.3422600506 0
2.22539494953 14.3422600506 2.22539494953 12.5585263128 3
2.22539494953 12.5585263128 2.22539494953 8.26362456627 0
2.22539494953 8.26362456627 2.22539494953 8.03208189547 2
2.22539494953 8.03208189547 2.22539494953 4.2546042573 0
2.22539494953 4.2546042573 2.22539494953 2.47266659284 1
2.22539494953 2.47266659284 4.05161269821 2.47266659284 1
4.05161269821 2.47266659284 4.05161269821 4.91801719554 0
4.05161269821 4.91801719554 4.05161269821 7.11048450138 2
4.05161269821 7.11048450138 4.05161269821 10.6958389723 0
4.05161269821 10.6958389723 4.05161269821 12.4783973407 3
4.05161269821 12.4783973407 4.05161269821 15.3686319764 0
4.05161269821 15.3686319764 4.05161269821 15.5933787016 2
4.05161269821 15.5933787016 4.05161269821 22.9198913852 0
4.05161269821 22.9198913852 4.05161269821 23.9359244213 1
3.85161269821 24.1359244213 3.85161269821 17.6343727923 0
3.85161269821 17.6343727923 3.85161269821 16.9682561025 2
3.85161269821 16.9682561025 3.85161269821 14.298704764 0
3.85161269821 14.298704764 3.85161269821 12.7317041567 3
3.85161269821 12.7317041567 3.85161269821 8.2823227148 0
3.85161269821 8.2823227148 3.85161269821 7.060808411 3
3.85161269821 7.060808411 3.17691834956 7.060808411 2
3.17691834956 7.060808411 2.22720046703 7.060808411 0
2.02720046703 7.260808411 2.43311920582 7.260808411 2
2.43311920582 7.260808411 3.59396832969 7.260808411 3
3.59396832969 7.260808411 3.59396832969 7.01396785517 2
3.59396832969 7.01396785517 3.59396832969 4.52354742631 0
3.59396832969 4.52354742631 3.59396832969 2.98334450069 1
3.59396832969 2.98334450069 5.49616666165 2.98334450069 1
5.49616666165 2.98334450069 5.49616666165 4.99693741972 0
5.49616666165 4.99693741972 5.49616666165 6.70531247295 2
5.49616666165 6.70531247295 5.49616666165 11.1170993906 0
5.49616666165 11.1170993906 5.49616666165 12.6740999062 3
5.49616666165 12.6740999062 5.49616666165 23.5699219942 0
5.49616666165 23.5699219942 5.49616666165 24.802774289 1
5.29616666165 25.002774289 5.29616666165 15.1172312204 0
5.29616666165 15.1172312204 5.29616666165 13.1120068507 3
5.29616666165 13.1120068507 5.29616666165 9.08649217128 0
5.29616666165 9.08649217128 5.29616666165 7.51602905283 2
5.29616666165 7.51602905283 5.29616666165 4.83630515482 0
5.29616666165 4.83630515482 5.29616666165 2.88793912873 1
5.29616666165 2.88793912873 7.12245843157 2.88793912873 1
7.12245843157 2.88793912873 7.12245843157 11.3418657918 0
7.12245843157 11.3418657918 7.12245843157 13.1328492196 3
7.12245843157 13.1328492196 7.12245843157 23.6165261594 0
7.12245843157 23.6165261594 7.12245843157 24.9998448437 1
6.92245843157 25.1998448437 6.92245843157 15.1461661924 0
6.92245843157 15.1461661924 6.92245843157 13.3669500737 3
6.92245843157 13.3669500737 6.92245843157 4.47895516722 0
6.92245843157 4.47895516722 9.54897011974 4.47895516722 1
9.54897011974 4.47895516722 9.54897011974 13.3917276163 0
9.54897011974 13.3917276163 9.54897011974 14.9493451826 3
9.54897011974 14.9493451826 9.54897011974 25.8401688711 0
9.54897011974 25.8401688711 9.54897011974 26.9361594178 1
9.34897011974 27.1361594178 9.34897011974 16.9059512955 0
9.34897011974 16.9059512955 9.34897011974 15.3500797375 3
9.34897011974 15.3500797375 9.34897011974 6.44089701603 0
9.34897011974 6.44089701603 9.34897011974 4.23252020486 1
9.34897011974 4.23252020486 11.2526323507 4.23252020486 1
11.2526323507 4.23252020486 11.2526323507 13.4166429365 0
11.2526323507 13.4166429365 11.2526323507 14.9687534147 3
11.2526323507 14.9687534147 11.2526323507 25.8473668559 0
11.2526323507 25.8473668559 11.2526323507 26.7532134268 1
11.0526323507 26.9532134268 11.0526323507 16.8504285397 0
11.0526323507 16.8504285397 11.0526323507 15.2907843652 3
11.0526323507 15.2907843652 11.0526323507 6.27898602745 0
11.0526323507 6.27898602745 13.922947103 6.27898602745 1
13.922947103 6.27898602745 13.922947103 15.14741303 0
13.922947103 15.14741303 13.922947103 16.9305759669 3
13.922947103 16.9305759669 13.922947103 27.6015152048 0
13.922947103 27.6015152048 13.922947103 28.9739649889 1
13.722947103 29.1739649889 13.722947103 18.9479470919 0
13.722947103 18.9479470919 13.722947103 16.9465388126 3
13.722947103 16.9465388126 13.722947103 8.26759524723 0
13.722947103 8.26759524723 13.722947103 5.70531955297 1
13.722947103 5.70531955297 15.6259539352 5.70531955297 1
15.6259539352 5.70531955297 15.6259539352 14.5753094097 0
15.6259539352 14.5753094097 15.6259539352 16.3611877327 3
15.6259539352 16.3611877327 15.6259539352 27.0726079487 0
15.6259539352 27.0726079487 15.6259539352 28.2326825567 1
15.4259539352 28.4326825567 15.4259539352 18.1777593546 0
15.4259539352 18.1777593546 15.4259539352 16.6102107708 3
15.4259539352 16.6102107708 15.4259539352 7.89382126701 0
15.4259539352 7.89382126701 18.5089071661 7.89382126701 1
18.5089071661 7.89382126701 18.5089071661 8.95224920622 1
18.5089071661 8.95224920622 9.84910672639 8.95224920622 0
9.84910672639 8.95224920622 8.05768649457 8.95224920622 3
8.05768649457 8.95224920622 -2.66231798771 8.95224920622 0
-2.66231798771 8.95224920622 -4.00488860411 8.95224920622 1
-4.20488860411 9.15224920622 5.99343042353 9.15224920622 0
5.99343042353 9.15224920622 7.77217768428 9.15224920622 3
