0 31
32 43
45 49
53 76
77 94
95 103
103 105
106 133
134 146
151 173
174 191
192 204
205 231
232 247
251 277
278 294
295 334
335 360
361 373
374 376
381 405
406 423
424 436
437 466
468 480
484 509
510 530
531 541
541 544
545 569
570 586
590 610
611 634
635 686
686 690
691 721
722 739
740 759
760 779
780 789
789 791
792 816
817 830
836 858
859 876
877 885
885 887
888 909
910 920
922 932
933 955
956 973
974 982
982 984
985 1008
1009 1022
1022 1027
1028 1049
1050 1073
1074 1084
1084 1091
1092 1100
1102 1115
1116 1135
1136 1165
1166 1173
1174 1184
1184 1187
1188 1214
1215 1233
1234 1258
1259 1276
1277 1286
1287 1313
1314 1332
1333 1357
1358 1374
1375 1386
1387 1414
1415 1428
1429 1437
1437 1439
1440 1458
1459 1470
1473 1486
1487 1503
1504 1513
1513 1516
1517 1533
1534 1548
1551 1566
1567 1582
1583 1591
1591 1596
1597 1612
1613 1628
1632 1650
1651 1664
1664 1681
1682 1697
1698 1716
1719 1733
1734 1751
1752 1760
1760 1762
1763 1777
1778 1797
1801 1819
1820 1836
1837 1846
1847 1863
1864 1880
1884 1902
1903 1919
1920 1929
1929 2032
2036 2045
2045 2047
2048 2065
