13 270
19 271
25 273
31 275
38 277
156 381
167 387
178 394
189 401
200 408
270 511
271 513
273 515
275 517
277 520
281 523
381 629
387 635
394 642
401 649
408 656
511 769
513 770
515 772
517 774
520 776
629 896
635 906
642 917
649 928
656 939
769 1011
770 1020
772 1029
774 1038
776 1047
827 1050
828 1051
829 1052
830 1053
832 1055
896 1118
906 1128
917 1139
928 1149
939 1160
1011 1233
1020 1242
1029 1252
1038 1261
1047 1271
1118 1342
1128 1353
1139 1364
1149 1375
1160 1386
1233 1459
1242 1468
1252 1478
1261 1488
1271 1498
1342 1568
1353 1578
1364 1589
1375 1599
1386 1610
1459 1686
1468 1695
1478 1705
1488 1714
1498 1724
1568 1797
1578 1808
1589 1819
1599 1830
1610 1841
1686 1916
1695 1925
1705 1935
1714 1944
1724 1954
1797 2026
1808 2037
1819 2048
1830 2059
1841 2070
1916 2145
1925 2154
1935 2163
1944 2172
1954 2182
2026 2256
2037 2266
2048 2277
2059 2288
2070 2299
2145 2392
2154 2401
2163 2411
2172 2421
2182 2431
2256 2503
2266 2514
2277 2525
2288 2536
2299 2547
2392 2635
2401 2641
2411 2648
2421 2655
2431 2662
2434 2665
2503 2756
2547 2758
2503 2761
2514 2768
2525 2775
2536 2782
2547 2790
