0 0 -0.0 0.211040553967 1
-0.0 0.211040553967 2.17548306651 0.211040553967 0
2.07548306651 0.111040553967 1.60902082329 0.111040553967 0
1.50902082329 0.0110405539669 7.497640128 0.0110405539669 0
7.497640128 0.0110405539669 8.1723275332 0.0110405539669 0
8.1723275332 0.0110405539669 9.73038883347 0.0110405539669 2
9.73038883347 0.0110405539669 20.3704089316 0.0110405539668 0
20.3704089316 0.0110405539668 22.3247272803 0.0110405539668 1
22.2247272803 -0.0889594460332 12.0159529083 -0.0889594460331 0
12.0159529083 -0.0889594460331 10.2434107084 -0.0889594460331 2
10.2434107084 -0.0889594460331 1.45213320926 -0.0889594460331 0
1.45213320926 -0.0889594460331 -0.327312112214 -0.0889594460331 1
-0.327312112214 -0.0889594460331 -0.327312112214 -1.70484748897 1
-0.327312112214 -1.70484748897 1.66617455752 -1.70484748897 0
1.66617455752 -1.70484748897 2.33282438614 -1.70484748897 0
2.33282438614 -1.70484748897 2.99696670492 -1.70484748897 2
2.99696670492 -1.70484748897 7.65790911961 -1.70484748897 0
7.65790911961 -1.70484748897 9.48725326722 -1.70484748897 3
9.48725326722 -1.70484748897 10.5945406277 -1.70484748897 0
10.5945406277 -1.70484748897 11.2612165493 -1.70484748897 0
11.2612165493 -1.70484748897 11.7121609366 -1.70484748897 2
11.7121609366 -1.70484748897 19.0359676996 -1.70484748897 0
19.0359676996 -1.70484748897 20.51984301 -1.70484748897 1
20.41984301 -1.80484748897 13.9534674829 -1.80484748897 0
13.9534674829 -1.80484748897 13.288810925 -1.80484748897 2
13.288810925 -1.80484748897 10.6185405567 -1.80484748897 0
10.6185405567 -1.80484748897 8.83480681892 -1.80484748897 3
8.83480681892 -1.80484748897 4.53990507237 -1.80484748897 0
4.53990507237 -1.80484748897 4.08358360937 -1.80484748897 2
4.08358360937 -1.80484748897 0.523488416244 -1.80484748897 0
0.523488416244 -1.80484748897 -1.46551162398 -1.80484748897 1
-1.46551162398 -1.80484748897 -1.46551162398 -3.56725041044 1
-1.46551162398 -3.56725041044 0.979838978717 -3.56725041044 0
0.979838978717 -3.56725041044 1.86712345424 -3.56725041044 2
1.86712345424 -3.56725041044 2.74600502806 -3.56725041044 2
2.74600502806 -3.56725041044 6.33135949893 -3.56725041044 0
6.33135949893 -3.56725041044 8.1139178674 -3.56725041044 3
8.1139178674 -3.56725041044 11.004152503 -3.56725041044 0
11.004152503 -3.56725041044 11.2288992283 -3.56725041044 2
11.2288992283 -3.56725041044 18.5554119119 -3.56725041044 0
18.5554119119 -3.56725041044 19.6501181126 -3.56725041044 1
19.5501181126 -3.66725041044 13.0485664837 -3.66725041044 0
13.0485664837 -3.66725041044 12.1611710459 -3.66725041044 2
12.1611710459 -3.66725041044 9.71422066187 -3.66725041044 0
9.71422066187 -3.66725041044 8.14722005456 -3.66725041044 3
8.14722005456 -3.66725041044 3.69783861269 -3.66725041044 0
3.69783861269 -3.66725041044 2.47632430889 -3.66725041044 3
2.47632430889 -3.66725041044 2.47632430889 -2.99255606179 2
2.47632430889 -2.99255606179 2.47632430889 -2.04283817926 0
2.37632430889 -2.14283817926 2.37632430889 -2.54875691804 2
2.37632430889 -2.54875691804 2.37632430889 -3.70960604192 3
2.37632430889 -3.70960604192 2.12948375306 -3.70960604192 2
2.12948375306 -3.70960604192 -0.3609366758 -3.70960604192 0
-0.3609366758 -3.70960604192 -2.00495997579 -3.70960604192 1
-2.00495997579 -3.70960604192 -2.00495997579 -5.54285722081 1
-2.00495997579 -5.54285722081 0.00863294325142 -5.54285722081 0
0.00863294325142 -5.54285722081 1.56421854967 -5.54285722081 2
1.46421854967 -5.64285722081 1.18371170198 -5.64285722081 2
1.08371170198 -5.74285722081 5.49549861965 -5.74285722081 0
5.49549861965 -5.74285722081 7.05249913526 -5.74285722081 3
7.05249913526 -5.74285722081 17.9483212232 -5.74285722081 0
17.9483212232 -5.74285722081 19.181173518 -5.74285722081 1
19.081173518 -5.84285722081 8.97532497522 -5.84285722081 0
8.97532497522 -5.84285722081 7.19274247903 -5.84285722081 3
7.19274247903 -5.84285722081 3.16722779963 -5.84285722081 0
3.16722779963 -5.84285722081 1.59676468118 -5.84285722081 2
1.59676468118 -5.84285722081 -1.08295921684 -5.84285722081 0
-1.08295921684 -5.84285722081 -2.86691316526 -5.84285722081 1
-2.86691316526 -5.84285722081 -2.86691316526 -7.56346675397 1
-2.86691316526 -7.56346675397 5.58701349779 -7.56346675397 0
5.58701349779 -7.56346675397 7.15427108562 -7.56346675397 3
7.15427108562 -7.56346675397 17.8594951946 -7.56346675397 0
17.8594951946 -7.56346675397 19.2428138789 -7.56346675397 1
19.1428138789 -7.66346675397 9.30872667133 -7.66346675397 0
9.30872667133 -7.66346675397 7.30428878541 -7.66346675397 3
7.30428878541 -7.66346675397 -1.58370612109 -7.66346675397 0
-1.58370612109 -7.66346675397 -3.36462437862 -7.66346675397 1
-3.36462437862 -7.66346675397 -3.36462437862 -9.56295322881 1
-3.36462437862 -9.56295322881 5.54814807043 -9.56295322881 0
5.54814807043 -9.56295322881 7.10576563674 -9.56295322881 3
7.10576563674 -9.56295322881 17.9965893253 -9.56295322881 0
17.9965893253 -9.56295322881 19.126623645 -9.56295322881 1
19.026623645 -9.66295322881 8.79641552268 -9.66295322881 0
8.79641552268 -9.66295322881 7.24054396468 -9.66295322881 3
7.24054396468 -9.66295322881 -1.66863875683 -9.66295322881 0
-1.66863875683 -9.66295322881 -3.66118781856 -9.66295322881 1
-3.66118781856 -9.66295322881 -3.66118781856 -11.6657710544 1
-3.66118781856 -11.6657710544 5.52293491313 -11.6657710544 0
5.52293491313 -11.6657710544 7.07504539128 -11.6657710544 3
7.07504539128 -11.6657710544 17.9536588325 -11.6657710544 0
17.9536588325 -11.6657710544 18.8925369343 -11.6657710544 1
18.7925369343 -11.7657710544 8.91146911861 -11.7657710544 0
8.91146911861 -11.7657710544 7.35182494403 -11.7657710544 3
7.35182494403 -11.7657710544 -1.65997339369 -11.7657710544 0
-1.65997339369 -11.7657710544 -3.43398247103 -11.7657710544 1
-3.43398247103 -11.7657710544 -3.43398247103 -13.7841508344 1
-3.43398247103 -13.7841508344 5.4344445315 -13.7841508344 0
5.4344445315 -13.7841508344 7.21760746842 -13.7841508344 3
7.21760746842 -13.7841508344 17.8885467063 -13.7841508344 0
17.8885467063 -13.7841508344 19.239934752 -13.7841508344 1
19.139934752 -13.8841508344 8.90610691293 -13.8841508344 0
8.90610691293 -13.8841508344 7.35056210159 -13.8841508344 3
7.35056210159 -13.8841508344 -1.54787534566 -13.8841508344 0
-1.54787534566 -13.8841508344 -3.7687989756 -13.8841508344 1
-3.7687989756 -13.8841508344 -3.7687989756 -15.9294038236 1
-3.7687989756 -15.9294038236 5.10119088118 -15.9294038236 0
5.10119088118 -15.9294038236 6.88706920414 -15.9294038236 3
6.88706920414 -15.9294038236 17.5984894201 -15.9294038236 0
17.5984894201 -15.9294038236 18.7585640281 -15.9294038236 1
18.6585640281 -16.0294038236 8.40364082602 -16.0294038236 0
8.40364082602 -16.0294038236 6.83609224224 -16.0294038236 3
6.83609224224 -16.0294038236 -1.88029726155 -16.0294038236 0
-1.88029726155 -16.0294038236 -4.10445744647 -16.0294038236 1
-4.10445744647 -16.0294038236 -4.10445744647 -18.044029246 1
-4.10445744647 -18.044029246 4.55534299326 -18.044029246 0
4.55534299326 -18.044029246 6.34676322508 -18.044029246 3
6.34676322508 -18.044029246 16.8377490682 -18.044029246 0
16.8377490682 -18.044029246 18.4533007412 -18.044029246 1
18.3533007412 -18.144029246 8.37986515797 -18.144029246 0
8.37986515797 -18.144029246 6.37560724631 -18.144029246 3
6.37560724631 -18.144029246 -2.28051734961 -18.144029246 0
-2.28051734961 -18.144029246 -4.05542077237 -18.144029246 1
-4.05542077237 -18.144029246 -4.05542077237 -20.1290441101 1
-4.05542077237 -20.1290441101 5.02907365337 -20.1290441101 0
5.02907365337 -20.1290441101 6.81127885842 -20.1290441101 3
6.81127885842 -20.1290441101 17.4748787675 -20.1290441101 0
17.4748787675 -20.1290441101 18.8780615291 -20.1290441101 1
18.7780615291 -20.2290441101 8.49815050897 -20.2290441101 0
8.49815050897 -20.2290441101 6.49715946869 -20.2290441101 3
6.49715946869 -20.2290441101 -1.92917083584 -20.2290441101 0
-1.92917083584 -20.2290441101 -7.23022744336 -20.2290441101 1
-7.23022744336 -20.2290441101 -7.23022744336 -22.3149323645 1
-7.23022744336 -22.3149323645 -0.80042858336 -22.3149323645 0
-0.80042858336 -22.3149323645 -0.133443312983 -22.3149323645 2
-0.133443312983 -22.3149323645 4.3990463764 -22.3149323645 0
4.3990463764 -22.3149323645 5.95010977295 -22.3149323645 3
5.95010977295 -22.3149323645 8.17878131279 -22.3149323645 0
8.17878131279 -22.3149323645 8.40148631475 -22.3149323645 2
8.40148631475 -22.3149323645 15.4989780396 -22.3149323645 0
15.4989780396 -22.3149323645 16.8269100235 -22.3149323645 1
16.7269100235 -22.4149323645 16.6059978694 -22.4149323645 1
16.6059978694 -22.4149323645 9.72333467602 -22.4149323645 0
9.72333467602 -22.4149323645 9.0562928014 -22.4149323645 2
