9 10
12 39
43 45
47 74
76 79
80 87
88 136
137 154
155 201
202 210
211 250
251 259
259 268
269 278
280 283
284 287
288 309
310 318
319 324
326 329
330 332
333 366
367 379
380 409
410 413
414 426
427 435
436 455
456 458
459 475
476 485
485 509
510 521
522 526
528 540
541 557
558 566
567 580
581 582
583 616
617 622
628 657
658 662
663 674
675 682
683 703
704 710
711 715
716 725
726 728
729 735
736 737
738 749
750 758
758 767
768 777
778 785
787 804
805 825
826 833
834 883
884 894
895 940
941 949
950 968
969 976
977 989
990 998
1000 1009
1010 1048
1049 1056
1057 1105
1106 1116
1117 1161
1162 1171
1172 1212
1213 1221
1221 1231
1232 1272
1273 1280
1281 1330
1331 1339
1341 1387
1388 1395
1396 1436
1437 1446
1446 1457
1458 1499
1500 1507
1508 1557
1558 1565
1567 1611
1613 1620
1621 1663
1664 1672
1672 1684
1685 1725
1726 1734
1735 1783
1784 1795
1796 1842
1843 1850
1851 1891
1892 1902
1902 1914
1915 1955
1956 1964
1965 2013
2014 2023
2025 2071
2072 2079
2080 2119
2120 2130
2130 2143
2144 2183
2184 2192
2193 2240
2241 2252
2255 2300
2301 2310
2311 2350
2351 2359
2359 2390
2391 2432
2433 2441
2442 2490
2491 2501
2502 2548
2549 2558
2559 2597
2598 2622
2622 2633
2634 2663
2664 2667
2668 2688
2689 2696
2697 2707
2710 2711
2714 2746
2747 2753
2755 2759
2760 2791
2792 2795
