0 115
118 121
129 136
138 145
146 149
152 158
163 171
184 194
197 241
246 282
293 312
313 339
341 389
390 420
437 506
511 512
514 551
556 590
595 657
658 660
662 684
685 689
693 702
718 778
779 822
823 841
847 852
861 866
871 892
900 929
936 997
998 1028
1029 1046
1059 1121
1124 1158
1176 1197
1199 1207
1210 1273
1274 1307
1308 1311
1332 1395
1396 1399
1401 1409
1410 1413
1414 1422
1423 1430
1434 1436
1452 1458
1459 1468
1470 1476
1486 1549
1550 1591
1603 1662
1663 1719
1720 1809
1814 1825
1826 1828
1829 1834
1836 1838
1843 1860
1861 1929
1930 1973
1981 2036
2037 2083
2084 2114
2115 2177
2178 2223
2231 2288
2289 2329
2330 2361
2362 2415
2416 2466
2474 2531
2532 2573
2574 2597
2597 2601
2602 2657
2658 2701
2710 2784
2785 2839
2840 2870
2873 2879
2881 2885
2895 2903
2905 2913
2917 2956
2957 3004
3013 3085
3087 3090
3092 3121
3122 3124
3126 3152
3155 3222
3223 3257
3277 3333
3334 3375
3379 3392
3392 3399
3400 3459
3460 3501
3510 3582
3583 3624
3625 3633
3634 3635
3636 3637
3640 3642
3644 3650
3651 3657
3659 3662
3663 3665
3666 3718
3719 3752
3753 3783
3787 3838
3839 3877
3878 3920
3921 3961
3962 3991
3999 4048
4049 4084
4095 4131
4132 4166
4167 4176
4178 4186
4195 4223
4252 4309
4310 4350
4358 4407
4409 4428
4432 4507
4509 4546
4548 4553
4554 4606
4607 4652
4660 4703
4704 4745
4746 4772
4773 4817
4818 4867
4877 4923
4924 4964
4965 4979
4981 4987
4988 5042
5043 5084
5094 5139
5140 5181
5182 5185
5187 5195
5197 5201
5217 5230
5232 5234
5236 5254
5258 5265
5267 5272
5277 5290
5292 5293
5295 5309
5311 5336
5337 5340
5341 5368
5370 5375
5377 5385
5388 5391
5393 5447
5456 5484
5487 5525
