0 0 4.65722088708 -8.55517597842e-16 0
4.65722088708 -8.55517597842e-16 4.95176765046 -9.09624960488e-16 0
4.95176765046 -9.09624960488e-16 5.61513055243 -1.03148274867e-15 2
5.61513055243 -1.03148274867e-15 6.30562596435 -1.15832469808e-15 2
6.30562596435 -1.15832469808e-15 6.57542171479 -1.20788537341e-15 1
6.57542171479 -1.20788537341e-15 7.19175589326 -1.32110412524e-15 1
7.19175589326 -1.32110412524e-15 7.560318431 -1.38880796506e-15 1
7.460318431 -0.1 6.68218742669 -0.1 0
6.68218742669 -0.1 2.37988048308 -0.1 0
2.37988048308 -0.1 -0.813955725423 -0.1 2
-0.813955725423 -0.1 -0.813955725423 -1.59190688399 1
-0.813955725423 -1.59190688399 1.10556270669 -1.59190688399 0
1.10556270669 -1.59190688399 4.87218961513 -1.59190688399 0
4.87218961513 -1.59190688399 7.81767076638 -1.59190688399 2
7.71767076638 -1.69190688399 2.49642737008 -1.69190688399 0
2.49642737008 -1.69190688399 2.37518526852 -1.69190688399 2
2.37518526852 -1.69190688399 -0.606578405253 -1.69190688399 2
-0.606578405253 -1.69190688399 -0.606578405253 -4.02295965693 1
-0.606578405253 -4.02295965693 4.8138892467 -4.02295965693 0
4.8138892467 -4.02295965693 5.00695948097 -4.02295965693 2
5.00695948097 -4.02295965693 7.16534306746 -4.02295965693 2
7.16534306746 -4.02295965693 7.55890629133 -4.02295965693 0
7.55890629133 -4.02295965693 8.00444726164 -4.02295965693 0
7.90444726164 -4.12295965693 2.39126893218 -4.12295965693 0
2.39126893218 -4.12295965693 -1.35105585904 -4.12295965693 2
-1.35105585904 -4.12295965693 -1.35105585904 -5.4018326825 1
-1.35105585904 -5.4018326825 -1.35105585904 -5.86953308417 1
-1.35105585904 -5.86953308417 -1.35105585904 -5.99576976503 2
-1.35105585904 -5.99576976503 -1.35105585904 -7.9398576882 1
-1.45105585904 -8.0398576882 -1.45105585904 -5.54143986285 1
-1.45105585904 -5.54143986285 3.60889670323 -5.54143986285 0
3.60889670323 -5.54143986285 6.58391628037 -5.54143986285 2
6.58391628037 -5.54143986285 7.55404386333 -5.54143986285 0
7.45404386333 -5.64143986285 1.91630754326 -5.64143986285 0
1.91630754326 -5.64143986285 -1.44999447263 -5.64143986285 2
-1.44999447263 -5.64143986285 -1.44999447263 -7.69704788434 1
-1.44999447263 -7.69704788434 -1.44999447263 -7.88055316993 1
-1.44999447263 -7.88055316993 4.05914300286 -7.88055316993 0
4.05914300286 -7.88055316993 7.33837286615 -7.88055316993 2
7.33837286615 -7.88055316993 7.62796902091 -7.88055316993 1
7.52796902091 -7.98055316993 1.63187198307 -7.98055316993 0
1.63187198307 -7.98055316993 1.35217454415 -7.98055316993 2
1.35217454415 -7.98055316993 0.535353693603 -7.98055316993 2
0.535353693603 -7.98055316993 0.26060552038 -7.98055316993 1
0.26060552038 -7.98055316993 -0.524033581117 -7.98055316993 2
-0.524033581117 -7.98055316993 -1.23936475283 -7.98055316993 1
-1.23936475283 -7.98055316993 -1.35817328005 -7.98055316993 2
-1.35817328005 -7.98055316993 -1.35817328005 -8.51519604433 1
-1.35817328005 -8.51519604433 -1.35817328005 -9.40379145417 2
-1.35817328005 -9.40379145417 -1.35817328005 -9.9904154214 2
-1.35817328005 -9.9904154214 4.47757149953 -9.9904154214 0
4.47757149953 -9.9904154214 7.82858595792 -9.9904154214 2
7.72858595792 -10.0904154214 3.182460971 -10.0904154214 0
3.182460971 -10.0904154214 -1.89810209203 -10.0904154214 2
-1.89810209203 -10.0904154214 -1.89810209203 -1.53152447959 1
-1.89810209203 -1.53152447959 -1.89810209203 -0.444899822514 1
-1.89810209203 -0.444899822514 -1.89810209203 -0.24687906944 2
-1.89810209203 -0.24687906944 -1.89810209203 0.238260667214 1
-1.89810209203 0.238260667214 -1.89810209203 0.431318871494 1
-1.89810209203 0.431318871494 -2.3004673765 0.431318871494 1
-2.3004673765 0.431318871494 -8.94831723385 0.431318871494 0
-8.94831723385 0.431318871494 -12.0007491754 0.431318871494 2
-12.1007491754 0.331318871494 -7.71734581693 0.331318871494 0
-7.71734581693 0.331318871494 -3.4840907074 0.331318871494 2
-3.4840907074 0.331318871494 -3.4840907074 -1.97701733605 1
-3.4840907074 -1.97701733605 -8.83722803353 -1.97701733605 0
-8.83722803353 -1.97701733605 -12.2074175255 -1.97701733605 2
-12.3074175255 -2.07701733605 -7.18355701004 -2.07701733605 0
-7.18355701004 -2.07701733605 -3.51954680065 -2.07701733605 2
-3.51954680065 -2.07701733605 -3.51954680065 -4.36517083073 1
-3.51954680065 -4.36517083073 -8.19273393148 -4.36517083073 0
-8.19273393148 -4.36517083073 -12.3488583152 -4.36517083073 2
-12.4488583152 -4.46517083073 -7.6140453379 -4.46517083073 0
-7.6140453379 -4.46517083073 -3.76133397132 -4.46517083073 2
-3.76133397132 -4.46517083073 -3.76133397132 -6.54401010683 1
-3.76133397132 -6.54401010683 -4.02282276081 -6.54401010683 1
-4.02282276081 -6.54401010683 -9.44380943688 -6.54401010683 0
-9.44380943688 -6.54401010683 -12.6432116398 -6.54401010683 2
-12.7432116398 -6.64401010683 -8.03091574246 -6.64401010683 0
-8.03091574246 -6.64401010683 -2.97003847746 -6.64401010683 2
-2.97003847746 -6.64401010683 -2.97003847746 -9.36923381217 1
-2.97003847746 -9.36923381217 -3.56928649741 -9.36923381217 1
-3.56928649741 -9.36923381217 -3.84824716239 -9.36923381217 1
-3.84824716239 -9.36923381217 -4.60566149026 -9.36923381217 0
-4.60566149026 -9.36923381217 -5.40035900384 -9.36923381217 0
-5.40035900384 -9.36923381217 -8.62856680461 -9.36923381217 0
-8.62856680461 -9.36923381217 -12.1819678889 -9.36923381217 2
-12.2819678889 -9.46923381217 -6.48059879266 -9.46923381217 0
-6.48059879266 -9.46923381217 -6.1864910679 -9.46923381217 0
-6.1864910679 -9.46923381217 -4.33409557917 -9.46923381217 2
-4.33409557917 -9.46923381217 -4.12867150185 -9.46923381217 1
-4.12867150185 -9.46923381217 -4.12867150185 -11.2267222695 1
-4.12867150185 -11.2267222695 -9.88594766847 -11.2267222695 0
-9.88594766847 -11.2267222695 -13.1922784033 -11.2267222695 2
-13.2922784033 -11.3267222695 -7.85902673826 -11.3267222695 0
-7.85902673826 -11.3267222695 -4.09174098845 -11.3267222695 2
-4.09174098845 -11.3267222695 -4.09174098845 -12.6281740906 1
-4.09174098845 -12.6281740906 -4.09174098845 -13.0806387572 1
-4.09174098845 -13.0806387572 -9.89138850044 -13.0806387572 0
-9.89138850044 -13.0806387572 -13.1562321323 -13.0806387572 2
-13.2562321323 -13.1806387572 -7.8640768596 -13.1806387572 0
-7.8640768596 -13.1806387572 -4.12245148204 -13.1806387572 2
-4.12245148204 -13.1806387572 -4.12245148204 -12.4339125688 1
-4.12245148204 -12.4339125688 -4.12245148204 -12.3299516734 2
-4.12245148204 -12.3299516734 -4.12245148204 -12.2111411901 1
-4.12245148204 -12.2111411901 -4.12245148204 -12.0133168266 1
-4.12245148204 -12.0133168266 -4.12245148204 -11.3963301922 1
-4.12245148204 -11.3963301922 -3.48210076162 -11.3963301922 0
-3.48210076162 -11.3963301922 -3.22720619855 -11.3963301922 0
-3.22720619855 -11.3963301922 -3.09359067505 -11.3963301922 1
-3.09359067505 -11.3963301922 1.4503502182 -11.3963301922 0
1.4503502182 -11.3963301922 4.44747952365 -11.3963301922 2
4.44747952365 -11.3963301922 4.44747952365 -13.6909355752 1
4.44747952365 -13.6909355752 0.196389833453 -13.6909355752 0
0.196389833453 -13.6909355752 -1.8161018094 -13.6909355752 2
-1.9161018094 -13.7909355752 1.08799980463 -13.7909355752 0
1.08799980463 -13.7909355752 4.66746217196 -13.7909355752 2
4.66746217196 -13.7909355752 4.66746217196 -16.066647637 1
4.66746217196 -16.066647637 1.02247463113 -16.066647637 0
1.02247463113 -16.066647637 -1.88893079953 -16.066647637 2
-1.98893079953 -16.166647637 1.29086567455 -16.166647637 0
1.29086567455 -16.166647637 4.36354878691 -16.166647637 2
4.36354878691 -16.166647637 4.36354878691 -17.0310671284 1
4.36354878691 -17.0310671284 4.36354878691 -17.5079948035 1
4.36354878691 -17.5079948035 3.49471561994 -17.5079948035 1
3.49471561994 -17.5079948035 0.48518689325 -17.5079948035 0
0.48518689325 -17.5079948035 -2.6524331224 -17.5079948035 2
-2.7524331224 -17.6079948035 1.47782266437 -17.6079948035 0
1.47782266437 -17.6079948035 2.54029781716 -17.6079948035 1
2.54029781716 -17.6079948035 3.95428390376 -17.6079948035 1
3.95428390376 -17.6079948035 3.95428390376 -20.4133734213 1
3.95428390376 -20.4133734213 3.6710601542 -20.4133734213 1
3.6710601542 -20.4133734213 0.420536181376 -20.4133734213 0
0.420536181376 -20.4133734213 -3.31329238231 -20.4133734213 2
-3.41329238231 -20.5133734213 -0.198021580054 -20.5133734213 0
-0.198021580054 -20.5133734213 3.59687934338 -20.5133734213 2
3.59687934338 -20.5133734213 3.59687934338 -22.5690694003 1
3.59687934338 -22.5690694003 0.412549884358 -22.5690694003 0
0.412549884358 -22.5690694003 -3.63512450919 -22.5690694003 2
-3.73512450919 -22.6690694003 0.386848463509 -22.6690694003 0
0.386848463509 -22.6690694003 4.05079515056 -22.6690694003 2
4.05079515056 -22.6690694003 4.05079515056 -24.0642362519 1
4.05079515056 -24.0642362519 3.45464647351 -24.0642362519 1
3.45464647351 -24.0642362519 -0.313026637558 -24.0642362519 0
-0.313026637558 -24.0642362519 -3.68342665108 -24.0642362519 2
-3.78342665108 -24.1642362519 0.430966674286 -24.1642362519 0
0.430966674286 -24.1642362519 3.72753820463 -24.1642362519 2
3.72753820463 -24.1642362519 3.72753820463 -24.4587549592 1
3.72753820463 -24.4587549592 3.72753820463 -25.2648028995 1
3.72753820463 -25.2648028995 3.72753820463 -25.6632907768 1
3.72753820463 -25.6632907768 2.43853446833 -25.6632907768 1
2.43853446833 -25.6632907768 2.23804079156 -25.6632907768 1
2.23804079156 -25.6632907768 1.04873301652 -25.6632907768 1
0.948733016522 -25.7632907768 1.17118521569 -25.7632907768 1
1.17118521569 -25.7632907768 1.65854490631 -25.7632907768 1
1.65854490631 -25.7632907768 2.94901642998 -25.7632907768 1
2.94901642998 -25.7632907768 3.06778712119 -25.7632907768 1
3.06778712119 -25.7632907768 3.06778712119 -24.662086083 1
3.06778712119 -24.662086083 3.06778712119 -22.2022535735 1
3.06778712119 -22.2022535735 3.06778712119 -21.9151234814 2
3.06778712119 -21.9151234814 3.06778712119 -19.2788503406 1
3.06778712119 -19.2788503406 3.06778712119 -18.781337417 1
3.06778712119 -18.781337417 3.06778712119 -17.9694731563 1
3.06778712119 -17.9694731563 3.06778712119 -17.652647823 1
3.06778712119 -17.652647823 3.06778712119 -12.5113480296 1
2.96778712119 -12.6113480296 2.96778712119 -14.9305930007 1
2.96778712119 -14.9305930007 -0.765763215217 -14.9305930007 0
