7 5
8 2
9 2
11 5
15 13
18 11
24 22
26 18
27 18
29 27
30 27
31 19
36 30
37 29
40 37
44 37
46 37
48 46
51 41
55 27
56 11
58 11
59 11
60 58
65 56
66 63
68 66
70 18
71 68
73 71
75 27
76 30
77 73
79 77
81 48
82 48
83 48
84 38
85 38
86 84
88 86
89 86
91 83
92 82
93 88
95 93
97 92
98 92
99 95
101 99
103 98
105 97
106 97
107 97
108 93
109 93
110 107
111 51
113 98
116 114
118 113
121 119
123 118
124 118
125 123
126 119
128 126
129 123
130 125
131 125
132 125
135 133
137 132
140 138
142 137
143 137
144 138
146 138
148 143
149 143
150 148
151 149
152 150
153 149
154 152
155 153
156 152
157 151
158 149
159 142
161 132
162 131
163 125
164 130
165 118
166 113
