0 0 -1.10359472547e-15 -6.0076898702 0
-1.10359472547e-15 -6.0076898702 -1.55018197659e-15 -8.43879763358 2
-1.55018197659e-15 -8.43879763358 -1.66154280531e-15 -9.04501774972 0
-0.1 -8.94501774972 -0.1 -3.75824288801 0
-0.1 -3.75824288801 -0.1 -0.164429946153 3
-0.1 -0.164429946153 -1.89114464728 -0.164429946153 1
-1.89114464728 -0.164429946153 -2.18967311753 -0.164429946153 1
-2.18967311753 -0.164429946153 -2.18967311753 -6.08780234481 0
-2.18967311753 -6.08780234481 -2.18967311753 -8.73837537517 3
-2.28967311753 -8.63837537517 -2.28967311753 -3.70968478036 0
-2.28967311753 -3.70968478036 -2.28967311753 0.0579012370848 3
-2.28967311753 0.0579012370848 -4.61250629271 0.0579012370848 1
-4.61250629271 0.0579012370848 -4.61250629271 -5.73582934117 0
-4.61250629271 -5.73582934117 -4.61250629271 -9.05120481892 3
-4.71250629271 -8.95120481892 -4.71250629271 -3.33712102993 0
-4.71250629271 -3.33712102993 -4.71250629271 0.135384919492 3
-4.71250629271 0.135384919492 -7.06794950977 0.135384919492 1
-7.06794950977 0.135384919492 -7.06794950977 -5.4452140609 0
-7.06794950977 -5.4452140609 -7.06794950977 -8.10076737072 3
-7.06794950977 -8.10076737072 -7.06794950977 -8.52800221633 0
-7.16794950977 -8.42800221633 -7.16794950977 -2.94837740263 0
-7.16794950977 -2.94837740263 -7.16794950977 0.636700561797 3
-7.16794950977 0.636700561797 -9.71727131952 0.636700561797 1
-9.71727131952 0.636700561797 -9.71727131952 -5.82845924784 0
-9.71727131952 -5.82845924784 -9.71727131952 -8.28258158484 2
-9.81727131952 -8.18258158484 -9.81727131952 -2.62651513423 0
-9.81727131952 -2.62651513423 -9.81727131952 1.36248708063 3
-9.81727131952 1.36248708063 -12.0337928572 1.36248708063 1
-12.0337928572 1.36248708063 -12.2070167597 1.36248708063 1
-12.2070167597 1.36248708063 -12.2070167597 -3.96538515466 0
-12.2070167597 -3.96538515466 -12.2070167597 -7.39655068497 3
-12.3070167597 -7.29655068497 -12.3070167597 -2.76377849992 0
-12.3070167597 -2.76377849992 -12.3070167597 2.13554009765 3
-12.3070167597 2.13554009765 -0.960849333534 2.13554009765 1
-0.960849333534 2.13554009765 -0.960849333534 2.54537174827 1
-0.960849333534 2.54537174827 -0.960849333534 9.18573269753 0
-0.960849333534 9.18573269753 -0.960849333534 12.0675929448 1
-1.06084933353 12.1675929448 -1.06084933353 7.88276535913 0
-1.06084933353 7.88276535913 -1.06084933353 3.73793261326 3
-1.06084933353 3.73793261326 -3.08401068637 3.73793261326 1
-3.08401068637 3.73793261326 -3.34175722737 3.73793261326 1
-3.34175722737 3.73793261326 -3.34175722737 9.14610276466 0
-3.34175722737 9.14610276466 -3.34175722737 12.0294541734 1
-3.44175722737 12.1294541734 -3.44175722737 7.18041556812 0
-3.44175722737 7.18041556812 -3.44175722737 3.53291426526 3
-3.44175722737 3.53291426526 -5.27613537784 3.53291426526 1
-5.27613537784 3.53291426526 -5.68096730407 3.53291426526 1
-5.68096730407 3.53291426526 -5.68096730407 8.20550668007 0
-5.68096730407 8.20550668007 -5.68096730407 10.4307929557 1
-5.68096730407 10.4307929557 -5.68096730407 11.6926122881 1
-5.78096730407 11.7926122881 -5.78096730407 6.88873783752 0
-5.78096730407 6.88873783752 -5.78096730407 3.24930109186 3
-5.78096730407 3.24930109186 -7.61724479746 3.24930109186 1
-7.61724479746 3.24930109186 -7.61724479746 3.56554780303 1
-7.61724479746 3.56554780303 -7.61724479746 8.72487923022 0
-7.61724479746 8.72487923022 -7.61724479746 11.5988483746 1
-7.61724479746 11.5988483746 -7.61724479746 11.743821372 1
-7.71724479746 11.843821372 -7.71724479746 7.24071952789 0
-7.71724479746 7.24071952789 -7.71724479746 2.24225396634 3
-7.71724479746 2.24225396634 -10.0139814344 2.24225396634 1
-10.0139814344 2.24225396634 -10.0139814344 3.66147635448 1
-10.0139814344 3.66147635448 -10.0139814344 5.47825037311 0
-10.0139814344 5.47825037311 -10.0139814344 8.4204231686 0
-10.0139814344 8.4204231686 -10.0139814344 11.8721787359 1
-10.1139814344 11.9721787359 -10.1139814344 5.53854160524 0
-10.1139814344 5.53854160524 -10.1139814344 4.16470605698 3
-10.1139814344 4.16470605698 -12.1008778535 4.16470605698 1
-12.1008778535 4.16470605698 -12.3520346772 4.16470605698 1
-12.3520346772 4.16470605698 -12.3520346772 9.94880979741 0
-12.3520346772 9.94880979741 -12.3520346772 13.0174342828 1
-12.4520346772 13.1174342828 -12.4520346772 7.74415679701 0
-12.4520346772 7.74415679701 -12.4520346772 4.1627247909 3
-12.4520346772 4.1627247909 -14.3628845688 4.1627247909 1
-14.3628845688 4.1627247909 -14.3628845688 9.91467718295 0
-14.3628845688 9.91467718295 -14.3628845688 12.9872081466 1
-14.4628845688 13.0872081466 -14.4628845688 7.73599816489 0
-14.4628845688 7.73599816489 -14.4628845688 4.23350278418 3
-14.4628845688 4.23350278418 -12.1148823702 4.23350278418 1
-12.1148823702 4.23350278418 -12.1148823702 -1.46364662178 0
-12.1148823702 -1.46364662178 -12.1148823702 -4.26953551241 3
-12.1148823702 -4.26953551241 -13.9705274033 -4.26953551241 1
-13.9705274033 -4.26953551241 -14.3450866965 -4.26953551241 1
-14.3450866965 -4.26953551241 -14.3450866965 -0.241171301907 0
-14.3450866965 -0.241171301907 -14.3450866965 1.86903951586 3
-14.4450866965 1.96903951586 -14.4450866965 -0.958282015511 0
-14.4450866965 -0.958282015511 -14.4450866965 -4.3955826328 3
-14.4450866965 -4.3955826328 -16.5038363152 -4.3955826328 1
-16.5038363152 -4.3955826328 -16.7064701929 -4.3955826328 1
-16.7064701929 -4.3955826328 -16.7064701929 -0.834068270283 0
-16.7064701929 -0.834068270283 -16.7064701929 2.02562810479 3
-16.8064701929 2.12562810479 -16.8064701929 -0.973857435571 0
-16.8064701929 -0.973857435571 -16.8064701929 -4.09009152979 3
-16.8064701929 -4.09009152979 -18.1325323822 -4.09009152979 1
-18.1325323822 -4.09009152979 -18.1325323822 -3.20087786346 1
-18.1325323822 -3.20087786346 -18.1325323822 -0.160198082487 0
-18.1325323822 -0.160198082487 -18.1325323822 3.05823389637 3
-18.2325323822 3.15823389637 -18.2325323822 -0.861615511623 0
-18.2325323822 -0.861615511623 -18.2325323822 -3.56962122513 1
-18.2325323822 -3.56962122513 -21.3930396428 -3.56962122513 1
-21.3930396428 -3.56962122513 -21.3930396428 -0.262782586795 0
-21.3930396428 -0.262782586795 -21.3930396428 3.26306575084 3
-21.4930396428 3.36306575084 -21.4930396428 0.25521204611 0
-21.4930396428 0.25521204611 -21.4930396428 -3.41013668628 3
-21.4930396428 -3.41013668628 -23.307657159 -3.41013668628 1
-23.307657159 -3.41013668628 -23.5400626667 -3.41013668628 1
-23.5400626667 -3.41013668628 -23.5400626667 -0.293138835779 0
-23.5400626667 -0.293138835779 -23.5400626667 3.65971584154 3
-23.6400626667 3.75971584154 -23.6400626667 -0.298737193793 0
-23.6400626667 -0.298737193793 -23.6400626667 -3.79601422743 3
-23.6400626667 -3.79601422743 -25.6324152384 -3.79601422743 1
-25.6324152384 -3.79601422743 -25.6324152384 -0.251480349752 0
-25.6324152384 -0.251480349752 -25.6324152384 3.1791271533 3
-25.7324152384 3.2791271533 -25.7324152384 -0.753655402206 0
-25.7324152384 -0.753655402206 -25.7324152384 -4.03207707277 3
-25.7324152384 -4.03207707277 -27.7781124056 -4.03207707277 1
-27.8781124056 -3.93207707277 -13.7049133237 -3.93207707277 1
-13.8049133237 -3.83207707277 -15.8368795955 -3.83207707277 1
-15.8368795955 -3.83207707277 -16.1382140443 -3.83207707277 1
-16.1382140443 -3.83207707277 -16.1382140443 -0.0853153966254 0
