0 0 8.55575911263 -1.57166745173e-15 0.0
8.55575911263 -1.57166745173e-15 10.1059476471 -1.85643246576e-15 2.0
10.1059476471 -1.85643246576e-15 20.7191414224 -3.8060445336e-15 0.0
20.7191414224 -3.8060445336e-15 22.4340233372 -4.12106323078e-15 1.0
22.2340233372 0.2 12.2031822251 0.2 0.0
12.2031822251 0.2 10.8683273919 0.2 2.0
10.8683273919 0.2 2.02677934809 0.2 0.0
2.02677934809 0.2 0.239540748235 0.2 1.0
0.239540748235 0.2 0.239540748235 -1.38770379117 1.0
0.239540748235 -1.38770379117 3.33244552078 -1.38770379117 0.0
3.33244552078 -1.38770379117 3.99340556435 -1.38770379117 2.0
3.99340556435 -1.38770379117 8.63071636939 -1.38770379117 0.0
8.63071636939 -1.38770379117 10.453028594 -1.38770379117 3.0
10.453028594 -1.38770379117 12.6626327392 -1.38770379117 0.0
12.6626327392 -1.38770379117 13.3330822631 -1.38770379117 2.0
13.3330822631 -1.38770379117 20.4050626371 -1.38770379117 0.0
20.4050626371 -1.38770379117 21.9483730821 -1.38770379117 1.0
21.7483730821 -1.18770379117 21.6469919157 -1.18770379117 1.0
21.6469919157 -1.18770379117 14.927332039 -1.18770379117 0.0
14.927332039 -1.18770379117 14.4790168127 -1.18770379117 2.0
14.4790168127 -1.18770379117 11.7978366318 -1.18770379117 0.0
11.7978366318 -1.18770379117 10.0062092241 -1.18770379117 3.0
10.0062092241 -1.18770379117 5.69281336162 -1.18770379117 0.0
5.69281336162 -1.18770379117 5.46044654708 -1.18770379117 2.0
5.46044654708 -1.18770379117 1.66515787861 -1.18770379117 0.0
1.66515787861 -1.18770379117 -0.12627965795 -1.18770379117 1.0
-0.12627965795 -1.18770379117 -0.12627965795 -3.07937648104 1.0
-0.12627965795 -3.07937648104 2.52360692308 -3.07937648104 0.0
2.52360692308 -3.07937648104 3.40675721249 -3.07937648104 2.0
3.40675721249 -3.07937648104 4.30556143039 -3.07937648104 2.0
4.30556143039 -3.07937648104 7.87188243362 -3.07937648104 0.0
7.87188243362 -3.07937648104 9.64637904421 -3.07937648104 3.0
9.64637904421 -3.07937648104 12.5210839115 -3.07937648104 0.0
12.5210839115 -3.07937648104 12.7444839196 -3.07937648104 2.0
12.7444839196 -3.07937648104 19.8218088777 -3.07937648104 0.0
19.8218088777 -3.07937648104 21.0660959065 -3.07937648104 1.0
20.8660959065 -2.87937648104 14.1145901084 -2.87937648104 0.0
14.1145901084 -2.87937648104 13.4514900891 -2.87937648104 2.0
13.4514900891 -2.87937648104 10.9927017808 -2.87937648104 0.0
10.9927017808 -2.87937648104 9.41849609107 -2.87937648104 3.0
9.41849609107 -2.87937648104 4.95006592107 -2.87937648104 0.0
4.95006592107 -2.87937648104 3.72134171536 -2.87937648104 3.0
3.72134171536 -2.87937648104 3.72134171536 -2.20170255524 2.0
3.72134171536 -2.20170255524 3.72134171536 -1.24490945195 0.0
3.52134171536 -1.04490945195 3.52134171536 -1.4491461095 2.0
3.52134171536 -1.4491461095 3.52134171536 -2.60675341014 3.0
3.52134171536 -2.60675341014 3.27423004323 -2.60675341014 2.0
3.27423004323 -2.60675341014 0.77054506079 -2.60675341014 0.0
0.77054506079 -2.60675341014 -0.881849169827 -2.60675341014 1.0
-0.881849169827 -2.60675341014 -0.881849169827 -4.53275662738 1.0
-0.881849169827 -4.53275662738 0.919311726615 -4.53275662738 0.0
0.919311726615 -4.53275662738 2.46781094663 -4.53275662738 2.0
2.26781094663 -4.33275662738 1.95621908073 -4.33275662738 2.0
1.75621908073 -4.13275662738 6.13866797659 -4.13275662738 0.0
6.13866797659 -4.13275662738 7.68871230257 -4.13275662738 3.0
7.68871230257 -4.13275662738 18.5426225025 -4.13275662738 0.0
18.5426225025 -4.13275662738 19.7646084802 -4.13275662738 1.0
19.5646084802 -3.93275662738 9.6421192865 -3.93275662738 0.0
9.6421192865 -3.93275662738 7.62759514415 -3.93275662738 3.0
7.62759514415 -3.93275662738 3.58380036113 -3.93275662738 0.0
3.58380036113 -3.93275662738 2.00663475277 -3.93275662738 2.0
2.00663475277 -3.93275662738 -0.684966479828 -3.93275662738 0.0
-0.684966479828 -3.93275662738 -2.42064294074 -3.93275662738 1.0
-2.42064294074 -3.93275662738 -2.42064294074 -5.74891332961 1.0
-2.42064294074 -5.74891332961 6.004913728 -5.74891332961 0.0
6.004913728 -5.74891332961 7.78775903256 -5.74891332961 3.0
7.78775903256 -5.74891332961 18.2464098007 -5.74891332961 0.0
18.2464098007 -5.74891332961 19.6201272275 -5.74891332961 1.0
19.4201272275 -5.54891332961 9.31929224499 -5.54891332961 0.0
9.31929224499 -5.54891332961 7.5323278308 -5.54891332961 3.0
7.5323278308 -5.54891332961 -1.41428348357 -5.54891332961 0.0
-1.41428348357 -5.54891332961 -3.20279389889 -5.54891332961 1.0
-3.20279389889 -5.54891332961 -3.20279389889 -7.43236227524 1.0
-3.20279389889 -7.43236227524 5.67590525015 -7.43236227524 0.0
5.67590525015 -7.43236227524 7.22625587327 -7.43236227524 3.0
7.22625587327 -7.43236227524 18.074690096 -7.43236227524 0.0
18.074690096 -7.43236227524 19.1622614897 -7.43236227524 1.0
18.9622614897 -7.23236227524 8.68311923369 -7.23236227524 0.0
8.68311923369 -7.23236227524 7.12033505713 -7.23236227524 3.0
7.12033505713 -7.23236227524 -1.83110693694 -7.23236227524 0.0
-1.83110693694 -7.23236227524 -3.83255349858 -7.23236227524 1.0
-3.83255349858 -7.23236227524 -3.83255349858 -9.23009352919 1.0
-3.83255349858 -9.23009352919 5.32660976813 -9.23009352919 0.0
5.32660976813 -9.23009352919 6.87118251488 -9.23009352919 3.0
6.87118251488 -9.23009352919 17.713905896 -9.23009352919 0.0
17.713905896 -9.23009352919 18.6115618713 -9.23009352919 1.0
18.4115618713 -9.03009352919 8.48486479879 -9.03009352919 0.0
8.48486479879 -9.03009352919 6.91905088903 -9.03009352919 3.0
6.91905088903 -9.03009352919 -2.13801806715 -9.03009352919 0.0
-2.13801806715 -9.03009352919 -3.91991438386 -9.03009352919 1.0
-3.91991438386 -9.03009352919 -3.91991438386 -11.0339348282 1.0
-3.91991438386 -11.0339348282 4.91660183869 -11.0339348282 0.0
4.91660183869 -11.0339348282 6.69155005303 -11.0339348282 3.0
6.69155005303 -11.0339348282 17.319236018 -11.0339348282 0.0
17.319236018 -11.0339348282 18.6826367368 -11.0339348282 1.0
18.4826367368 -10.8339348282 8.21658305439 -10.8339348282 0.0
8.21658305439 -10.8339348282 6.20633585566 -10.8339348282 3.0
6.20633585566 -10.8339348282 -2.5122818426 -10.8339348282 0.0
-2.5122818426 -10.8339348282 -4.74287491477 -10.8339348282 1.0
-4.74287491477 -10.8339348282 -4.74287491477 -12.868897963 1.0
-4.74287491477 -12.868897963 4.09960709365 -12.868897963 0.0
4.09960709365 -12.868897963 5.87724310951 -12.868897963 3.0
5.87724310951 -12.868897963 16.5435186849 -12.868897963 0.0
16.5435186849 -12.868897963 17.6959327815 -12.868897963 1.0
17.4959327815 -12.668897963 7.19062910133 -12.668897963 0.0
7.19062910133 -12.668897963 5.61618740663 -12.668897963 3.0
5.61618740663 -12.668897963 -3.15733841618 -12.668897963 0.0
-3.15733841618 -12.668897963 -5.39030165367 -12.668897963 1.0
-5.39030165367 -12.668897963 -5.39030165367 -14.6585187625 1.0
-5.39030165367 -14.6585187625 3.23135197526 -14.6585187625 0.0
3.23135197526 -14.6585187625 5.01458750566 -14.6585187625 3.0
5.01458750566 -14.6585187625 15.4678995153 -14.6585187625 0.0
15.4678995153 -14.6585187625 17.0398459393 -14.6585187625 1.0
16.8398459393 -14.4585187625 6.79217565011 -14.4585187625 0.0
6.79217565011 -14.4585187625 4.77906944079 -14.4585187625 3.0
4.77906944079 -14.4585187625 -3.92822584962 -14.4585187625 0.0
-3.92822584962 -14.4585187625 -5.71016486584 -14.4585187625 1.0
-5.71016486584 -14.4585187625 -5.71016486584 -16.4278245861 1.0
-5.71016486584 -16.4278245861 3.33494599085 -16.4278245861 0.0
3.33494599085 -16.4278245861 5.33287851473 -16.4278245861 3.0
5.33287851473 -16.4278245861 15.7532615331 -16.4278245861 0.0
15.7532615331 -16.4278245861 17.1123778821 -16.4278245861 1.0
16.9123778821 -16.2278245861 6.8700218139 -16.2278245861 0.0
6.8700218139 -16.2278245861 4.86066422005 -16.2278245861 3.0
4.86066422005 -16.2278245861 -3.61994706276 -16.2278245861 0.0
-3.61994706276 -16.2278245861 -8.95018828151 -16.2278245861 1.0
-8.95018828151 -16.2278245861 -8.95018828151 -18.3038734241 1.0
-8.95018828151 -18.3038734241 -2.32054947838 -18.3038734241 0.0
-2.32054947838 -18.3038734241 -1.87699720232 -18.3038734241 2.0
-1.87699720232 -18.3038734241 2.41312835762 -18.3038734241 0.0
2.41312835762 -18.3038734241 4.17883335155 -18.3038734241 3.0
4.17883335155 -18.3038734241 6.17553252018 -18.3038734241 0.0
6.17553252018 -18.3038734241 7.05840203489 -18.3038734241 2.0
7.05840203489 -18.3038734241 13.6844836862 -18.3038734241 0.0
13.6844836862 -18.3038734241 14.1261038171 -18.3038734241 1.0
14.1261038171 -18.3038734241 14.7851057367 -18.3038734241 1.0
14.5851057367 -18.1038734241 14.4426775091 -18.1038734241 1.0
14.4426775091 -18.1038734241 7.53316968222 -18.1038734241 0.0
7.53316968222 -18.1038734241 6.86316752551 -18.1038734241 2.0
6.86316752551 -18.1038734241 6.86316752551 -18.8368010467 2.0
6.86316752551 -18.8368010467 6.86316752551 -19.0527644695 1.0
6.66316752551 -18.8527644695 6.66316752551 -18.4144029293 1.0
6.66316752551 -18.4144029293 6.66316752551 -18.1370481204 2.0
6.66316752551 -18.1370481204 4.21662652851 -18.1370481204 0.0
4.21662652851 -18.1370481204 2.42971913024 -18.1370481204 3.0
2.42971913024 -18.1370481204 -1.5928676823 -18.1370481204 0.0
-1.5928676823 -18.1370481204 -2.03141077072 -18.1370481204 2.0
-2.03141077072 -18.1370481204 -2.25527714693 -18.1370481204 2.0
-2.25527714693 -18.1370481204 -8.27391684076 -18.1370481204 0.0
-8.27391684076 -18.1370481204 -10.0551350259 -18.1370481204 1.0
-10.0551350259 -18.1370481204 -10.0551350259 -20.3663996006 1.0
-10.0551350259 -20.3663996006 -9.7757700395 -20.3663996006 1.0
-9.7757700395 -20.3663996006 -7.78406725733 -20.3663996006 0.0
-7.78406725733 -20.3663996006 -5.11757266959 -20.3663996006 0.0
-5.11757266959 -20.3663996006 -3.34157885482 -20.3663996006 2.0
-3.34157885482 -20.3663996006 -2.89421881011 -20.3663996006 0.0
-2.89421881011 -20.3663996006 0.433567153318 -20.3663996006 0.0
0.433567153318 -20.3663996006 2.20004745595 -20.3663996006 3.0
2.20004745595 -20.3663996006 3.96988353028 -20.3663996006 0.0
3.96988353028 -20.3663996006 4.85181211016 -20.3663996006 2.0
4.85181211016 -20.3663996006 5.66456305602 -20.3663996006 0.0
5.46456305602 -20.1663996006 5.00558713073 -20.1663996006 2.0
4.80558713073 -19.9663996006 5.4635801778 -19.9663996006 0.0
5.4635801778 -19.9663996006 10.5513089638 -19.9663996006 0.0
10.5513089638 -19.9663996006 11.8261179691 -19.9663996006 1.0
11.6261179691 -19.7663996006 5.38651216025 -19.7663996006 0.0
5.38651216025 -19.7663996006 4.93769772198 -19.7663996006 2.0
4.93769772198 -19.7663996006 4.70960508729 -19.7663996006 2.0
4.70960508729 -19.7663996006 3.15080482748 -19.7663996006 0.0
3.15080482748 -19.7663996006 2.69750526868 -19.7663996006 3.0
2.69750526868 -19.7663996006 2.46942894374 -19.7663996006 1.0
2.46942894374 -19.7663996006 2.02599181178 -19.7663996006 3.0
2.02599181178 -19.7663996006 -2.22971102319 -19.7663996006 0.0
-2.22971102319 -19.7663996006 -2.67817428813 -19.7663996006 0.0
-2.67817428813 -19.7663996006 -8.7306414244 -19.7663996006 0.0
-8.7306414244 -19.7663996006 -9.40556776771 -19.7663996006 1.0
-9.40556776771 -19.7663996006 -9.85926182862 -19.7663996006 2.0
-9.85926182862 -19.7663996006 -9.85926182862 -21.9469269889 1.0
-9.85926182862 -21.9469269889 -5.8164832215 -21.9469269889 0.0
-5.8164832215 -21.9469269889 1.88866420944 -21.9469269889 0.0
1.88866420944 -21.9469269889 2.3274552792 -21.9469269889 3.0
2.3274552792 -21.9469269889 2.76936352759 -21.9469269889 3.0
2.76936352759 -21.9469269889 5.89414936025 -21.9469269889 0.0
5.89414936025 -21.9469269889 7.88144861552 -21.9469269889 0.0
7.88144861552 -21.9469269889 12.5353771764 -21.9469269889 0.0
12.5353771764 -21.9469269889 13.8154221327 -21.9469269889 1.0
13.6154221327 -21.7469269889 3.75747730375 -21.7469269889 0.0
3.75747730375 -21.7469269889 2.4146030952 -21.7469269889 3.0
2.4146030952 -21.7469269889 -9.66732454417 -21.7469269889 0.0
-9.66732454417 -21.7469269889 -11.6862978338 -21.7469269889 1.0
-11.6862978338 -21.7469269889 -11.6862978338 -24.2559295149 1.0
-11.6862978338 -24.2559295149 0.0845657764699 -24.2559295149 0.0
0.0845657764699 -24.2559295149 1.84157471523 -24.2559295149 3.0
1.84157471523 -24.2559295149 12.0245603727 -24.2559295149 0.0
12.0245603727 -24.2559295149 13.350160433 -24.2559295149 2.0
13.150160433 -24.0559295149 12.9331183864 -24.0559295149 0.0
12.9331183864 -24.0559295149 12.6983779766 -24.0559295149 2.0
12.6983779766 -24.0559295149 3.57199824092 -24.0559295149 0.0
3.57199824092 -24.0559295149 2.44077422244 -24.0559295149 3.0
2.44077422244 -24.0559295149 -6.72257065031 -24.0559295149 0.0
-6.72257065031 -24.0559295149 -7.83868960645 -24.0559295149 0.0
-7.83868960645 -24.0559295149 -8.51339766009 -24.0559295149 0.0
-8.51339766009 -24.0559295149 -11.1666390174 -24.0559295149 1.0
-11.1666390174 -24.0559295149 -11.1666390174 -26.2612468339 1.0
-11.1666390174 -26.2612468339 -10.9467976418 -26.2612468339 0.0
-10.9467976418 -26.2612468339 -10.7248552493 -26.2612468339 1.0
-10.7248552493 -26.2612468339 -7.18313966787 -26.2612468339 0.0
-7.18313966787 -26.2612468339 -0.0987850118366 -26.2612468339 0.0
-0.0987850118366 -26.2612468339 1.45185138813 -26.2612468339 3.0
1.45185138813 -26.2612468339 6.99028389652 -26.2612468339 0.0
6.99028389652 -26.2612468339 7.21398409768 -26.2612468339 2.0
7.21398409768 -26.2612468339 11.4169207436 -26.2612468339 0.0
11.4169207436 -26.2612468339 13.2016825233 -26.2612468339 1.0
13.0016825233 -26.0612468339 2.71903118327 -26.0612468339 0.0
2.71903118327 -26.0612468339 2.27253027622 -26.0612468339 3.0
2.27253027622 -26.0612468339 -10.0160659785 -26.0612468339 0.0
-10.0160659785 -26.0612468339 -12.0290114522 -26.0612468339 1.0
-12.0290114522 -26.0612468339 -12.0290114522 -28.5152421971 1.0
-12.0290114522 -28.5152421971 -11.1366257934 -28.5152421971 0.0
-11.1366257934 -28.5152421971 -10.9222983234 -28.5152421971 2.0
-10.9222983234 -28.5152421971 -4.50559172809 -28.5152421971 0.0
-4.50559172809 -28.5152421971 -1.40978780142 -28.5152421971 0.0
-1.40978780142 -28.5152421971 -0.528938259439 -28.5152421971 3.0
-0.528938259439 -28.5152421971 10.5406234311 -28.5152421971 0.0
10.5406234311 -28.5152421971 11.7652296086 -28.5152421971 1.0
11.5652296086 -28.3152421971 1.32137300279 -28.3152421971 0.0
1.32137300279 -28.3152421971 1.09236872336 -28.3152421971 3.0
1.09236872336 -28.3152421971 0.86816149778 -28.3152421971 1.0
0.86816149778 -28.3152421971 0.63934672553 -28.3152421971 3.0
0.63934672553 -28.3152421971 -1.84029215148 -28.3152421971 0.0
-1.84029215148 -28.3152421971 -2.0638916005 -28.3152421971 2.0
-2.0638916005 -28.3152421971 -3.40896284456 -28.3152421971 0.0
-3.40896284456 -28.3152421971 -10.5807732234 -28.3152421971 0.0
-10.5807732234 -28.3152421971 -12.607609938 -28.3152421971 1.0
-12.607609938 -28.3152421971 -12.607609938 -30.5792885665 1.0
-12.607609938 -30.5792885665 -1.10436714658 -30.5792885665 0.0
-1.10436714658 -30.5792885665 0.00266858676016 -30.5792885665 3.0
0.00266858676016 -30.5792885665 0.220976855042 -30.5792885665 2.0
0.220976855042 -30.5792885665 11.0619809571 -30.5792885665 0.0
11.0619809571 -30.5792885665 12.4507120505 -30.5792885665 1.0
12.2507120505 -30.3792885665 1.69584491495 -30.3792885665 0.0
1.69584491495 -30.3792885665 1.46801486864 -30.3792885665 3.0
1.46801486864 -30.3792885665 1.02440940204 -30.3792885665 3.0
1.02440940204 -30.3792885665 0.800200013298 -30.3792885665 2.0
0.800200013298 -30.3792885665 -11.5550260389 -30.3792885665 0.0
-11.5550260389 -30.3792885665 -12.0026392899 -30.3792885665 1.0
-12.0026392899 -30.3792885665 -12.4460683513 -30.3792885665 2.0
-12.4460683513 -30.3792885665 -12.4460683513 -32.1011371207 1.0
-12.4460683513 -32.1011371207 -12.4460683513 -33.0982540897 1.0
-12.4460683513 -33.0982540897 -0.279615102428 -33.0982540897 0.0
-0.279615102428 -33.0982540897 1.26816222733 -33.0982540897 3.0
1.26816222733 -33.0982540897 11.68836152 -33.0982540897 0.0
11.68836152 -33.0982540897 11.9063905548 -33.0982540897 1.0
11.9063905548 -33.0982540897 12.8151206853 -33.0982540897 1.0
12.6151206853 -32.8982540897 12.5129705507 -32.8982540897 1.0
12.5129705507 -32.8982540897 2.3991045826 -32.8982540897 0.0
2.3991045826 -32.8982540897 2.17461360282 -32.8982540897 3.0
2.17461360282 -32.8982540897 1.73116236537 -32.8982540897 3.0
1.73116236537 -32.8982540897 1.51301927013 -32.8982540897 1.0
1.51301927013 -32.8982540897 -10.5601542694 -32.8982540897 0.0
-10.5601542694 -32.8982540897 -12.996377149 -32.8982540897 1.0
-12.996377149 -32.8982540897 -12.996377149 -35.2035805527 1.0
-12.996377149 -35.2035805527 -7.2619802309 -35.2035805527 1.0
-7.2619802309 -35.2035805527 -1.50606205719 -35.2035805527 1.0
-1.50606205719 -35.2035805527 -0.178762210544 -35.2035805527 1.0
-0.178762210544 -35.2035805527 2.03588807562 -35.2035805527 0.0
2.03588807562 -35.2035805527 2.92666913738 -35.2035805527 2.0
2.92666913738 -35.2035805527 10.2368904323 -35.2035805527 0.0
10.2368904323 -35.2035805527 11.6943082172 -35.2035805527 1.0
11.4943082172 -35.0035805527 5.47083073576 -35.0035805527 0.0
5.47083073576 -35.0035805527 5.02755853947 -35.0035805527 2.0
5.02755853947 -35.0035805527 1.89300034732 -35.0035805527 0.0
1.89300034732 -35.0035805527 -13.7147344339 -35.0035805527 1.0
-13.7147344339 -35.0035805527 -13.7147344339 -37.8042747599 1.0
-13.7147344339 -37.8042747599 -1.58335022562 -37.8042747599 1.0
-1.58335022562 -37.8042747599 8.35489412576 -37.8042747599 1.0
8.15489412576 -37.6042747599 4.85688638471 -37.6042747599 1.0
4.85688638471 -37.6042747599 4.85688638471 -36.5156603883 2.0
4.85688638471 -36.5156603883 4.85688638471 -35.6717960331 0.0
4.65688638471 -35.4717960331 4.65688638471 -36.3391027897 2.0
4.65688638471 -36.3391027897 4.65688638471 -37.6355522334 1.0
4.65688638471 -37.6355522334 -8.84363250629 -37.6355522334 1.0
-9.04363250629 -37.4355522334 0.68565422207 -37.4355522334 1.0
0.68565422207 -37.4355522334 0.68565422207 -22.0199010464 1.0
0.68565422207 -22.0199010464 0.68565422207 3.92262156962 1.0
0.68565422207 3.92262156962 0.68565422207 4.81788704106 0.0
0.48565422207 5.01788704106 0.48565422207 -12.9129661475 1.0
0.48565422207 -12.9129661475 0.48565422207 -31.0693765119 1.0
0.48565422207 -31.0693765119 0.48565422207 -34.5968751512 1.0
0.48565422207 -34.5968751512 -14.0837096447 -34.5968751512 1.0
-14.0837096447 -34.5968751512 -14.0837096447 -12.9997402173 1.0
-14.0837096447 -12.9997402173 -11.7014598314 -12.9997402173 1.0
-11.7014598314 -12.9997402173 -11.7014598314 4.98987947472 1.0
-11.9014598314 5.18987947472 -11.9014598314 0.434250839827 1.0
-11.9014598314 0.434250839827 -11.9014598314 -0.632128190547 1.0
-11.9014598314 -0.632128190547 -11.9014598314 -9.4113158397 1.0
-11.9014598314 -9.4113158397 -11.9014598314 -14.6922800882 1.0
-11.9014598314 -14.6922800882 -11.9014598314 -34.2832431359 1.0
-11.9014598314 -34.2832431359 -6.16651332407 -34.2832431359 1.0
-6.16651332407 -34.2832431359 1.98798425009 -34.2832431359 1.0
1.98798425009 -34.2832431359 4.42424998682 -34.2832431359 0.0
4.42424998682 -34.2832431359 5.31564333434 -34.2832431359 2.0
5.31564333434 -34.2832431359 12.6100621282 -34.2832431359 0.0
12.6100621282 -34.2832431359 13.8958621904 -34.2832431359 1.0
13.8958621904 -34.2832431359 13.8958621904 -15.6082524968 1.0
13.8958621904 -15.6082524968 13.8958621904 6.31188030286 1.0
13.6958621904 6.51188030286 13.6958621904 -14.3159648217 1.0
13.6958621904 -14.3159648217 13.6958621904 -23.1741785581 1.0
13.6958621904 -23.1741785581 13.6958621904 -25.1734762473 1.0
13.6958621904 -25.1734762473 13.6958621904 -29.8150867717 1.0
13.6958621904 -29.8150867717 12.7819783849 -29.8150867717 0.0
12.7819783849 -29.8150867717 4.09221071422 -29.8150867717 0.0
4.09221071422 -29.8150867717 3.86767327859 -29.8150867717 3.0
3.86767327859 -29.8150867717 3.6502382998 -29.8150867717 1.0
3.6502382998 -29.8150867717 3.20406297552 -29.8150867717 2.0
3.20406297552 -29.8150867717 3.20406297552 -18.2607375831 1.0
3.20406297552 -18.2607375831 3.20406297552 -6.43349375037 1.0
3.20406297552 -6.43349375037 3.20406297552 5.16747045999 1.0
3.20406297552 5.16747045999 3.20406297552 5.3914696745 2.0
3.20406297552 5.3914696745 3.20406297552 5.6157671156 1.0
3.20406297552 5.6157671156 3.20406297552 5.83363793496 0.0
3.20406297552 5.83363793496 3.20406297552 6.05270341431 2.0
3.20406297552 6.05270341431 -5.48385804993 6.05270341431 0.0
-5.48385804993 6.05270341431 -9.46320392864 6.05270341431 1.0
-9.46320392864 6.05270341431 -9.46320392864 6.28205161012 1.0
