0 0 8.55575911263 -1.57166745173e-15 0.0
8.55575911263 -1.57166745173e-15 10.1059476471 -1.85643246576e-15 2.0
10.1059476471 -1.85643246576e-15 20.7191414224 -3.8060445336e-15 0.0
20.7191414224 -3.8060445336e-15 22.4340233372 -4.12106323078e-15 1.0
22.2340233372 -0.2 12.2031822251 -0.2 0.0
12.2031822251 -0.2 10.8683273919 -0.2 2.0
10.8683273919 -0.2 2.02677934809 -0.2 0.0
2.02677934809 -0.2 0.239540748235 -0.2 1.0
0.239540748235 -0.2 0.239540748235 -1.78770379117 1.0
0.239540748235 -1.78770379117 3.33244552078 -1.78770379117 0.0
3.33244552078 -1.78770379117 3.99340556435 -1.78770379117 2.0
3.99340556435 -1.78770379117 8.63071636939 -1.78770379117 0.0
8.63071636939 -1.78770379117 10.453028594 -1.78770379117 3.0
10.453028594 -1.78770379117 12.6626327392 -1.78770379117 0.0
12.6626327392 -1.78770379117 13.3330822631 -1.78770379117 2.0
13.3330822631 -1.78770379117 20.4050626371 -1.78770379117 0.0
20.4050626371 -1.78770379117 21.9483730821 -1.78770379117 1.0
21.7483730821 -1.98770379117 21.6469919157 -1.98770379117 1.0
21.6469919157 -1.98770379117 14.927332039 -1.98770379117 0.0
14.927332039 -1.98770379117 14.4790168127 -1.98770379117 2.0
14.4790168127 -1.98770379117 11.7978366318 -1.98770379117 0.0
11.7978366318 -1.98770379117 10.0062092241 -1.98770379117 3.0
10.0062092241 -1.98770379117 5.69281336162 -1.98770379117 0.0
5.69281336162 -1.98770379117 5.46044654708 -1.98770379117 2.0
5.46044654708 -1.98770379117 1.66515787861 -1.98770379117 0.0
1.66515787861 -1.98770379117 -0.12627965795 -1.98770379117 1.0
-0.12627965795 -1.98770379117 -0.12627965795 -3.87937648104 1.0
-0.12627965795 -3.87937648104 2.52360692308 -3.87937648104 0.0
2.52360692308 -3.87937648104 3.40675721249 -3.87937648104 2.0
3.40675721249 -3.87937648104 4.30556143039 -3.87937648104 2.0
4.30556143039 -3.87937648104 7.87188243362 -3.87937648104 0.0
7.87188243362 -3.87937648104 9.64637904421 -3.87937648104 3.0
9.64637904421 -3.87937648104 12.5210839115 -3.87937648104 0.0
12.5210839115 -3.87937648104 12.7444839196 -3.87937648104 2.0
12.7444839196 -3.87937648104 19.8218088777 -3.87937648104 0.0
19.8218088777 -3.87937648104 21.0660959065 -3.87937648104 1.0
20.8660959065 -4.07937648104 14.1145901084 -4.07937648104 0.0
14.1145901084 -4.07937648104 13.4514900891 -4.07937648104 2.0
13.4514900891 -4.07937648104 10.9927017808 -4.07937648104 0.0
10.9927017808 -4.07937648104 9.41849609107 -4.07937648104 3.0
9.41849609107 -4.07937648104 4.95006592107 -4.07937648104 0.0
4.95006592107 -4.07937648104 3.72134171536 -4.07937648104 3.0
3.72134171536 -4.07937648104 3.72134171536 -3.40170255524 2.0
3.52134171536 -2.64490945195 3.52134171536 -3.0491461095 2.0
3.32134171536 -3.2491461095 3.32134171536 -4.40675341014 3.0
3.32134171536 -4.40675341014 3.07423004323 -4.40675341014 2.0
3.07423004323 -4.40675341014 0.57054506079 -4.40675341014 0.0
0.57054506079 -4.40675341014 -1.08184916983 -4.40675341014 1.0
-1.08184916983 -4.40675341014 -1.08184916983 -6.33275662738 1.0
-1.28184916983 -6.53275662738 0.519311726615 -6.53275662738 0.0
0.519311726615 -6.53275662738 2.06781094663 -6.53275662738 2.0
1.86781094663 -6.73275662738 1.55621908073 -6.73275662738 2.0
1.55621908073 -6.73275662738 5.93866797659 -6.73275662738 0.0
5.73866797659 -6.93275662738 7.28871230257 -6.93275662738 3.0
7.28871230257 -6.93275662738 18.1426225025 -6.93275662738 0.0
18.1426225025 -6.93275662738 19.3646084802 -6.93275662738 1.0
19.1646084802 -7.13275662738 9.2421192865 -7.13275662738 0.0
9.0421192865 -7.33275662738 7.02759514415 -7.33275662738 3.0
7.02759514415 -7.33275662738 2.98380036113 -7.33275662738 0.0
2.98380036113 -7.33275662738 1.40663475277 -7.33275662738 2.0
1.40663475277 -7.33275662738 -1.28496647983 -7.33275662738 0.0
-1.28496647983 -7.33275662738 -3.02064294074 -7.33275662738 1.0
-3.02064294074 -7.33275662738 -3.02064294074 -9.14891332961 1.0
-3.22064294074 -9.34891332961 5.204913728 -9.34891332961 0.0
5.204913728 -9.34891332961 6.98775903256 -9.34891332961 3.0
6.98775903256 -9.34891332961 17.4464098007 -9.34891332961 0.0
17.4464098007 -9.34891332961 18.8201272275 -9.34891332961 1.0
18.6201272275 -9.54891332961 8.51929224499 -9.54891332961 0.0
8.31929224499 -9.74891332961 6.5323278308 -9.74891332961 3.0
6.5323278308 -9.74891332961 -2.41428348357 -9.74891332961 0.0
-2.41428348357 -9.74891332961 -4.20279389889 -9.74891332961 1.0
-4.20279389889 -9.74891332961 -4.20279389889 -11.6323622752 1.0
-4.40279389889 -11.8323622752 4.47590525015 -11.8323622752 0.0
4.47590525015 -11.8323622752 6.02625587327 -11.8323622752 3.0
6.02625587327 -11.8323622752 16.874690096 -11.8323622752 0.0
16.874690096 -11.8323622752 17.9622614897 -11.8323622752 1.0
17.7622614897 -12.0323622752 7.48311923369 -12.0323622752 0.0
7.28311923369 -12.2323622752 5.72033505713 -12.2323622752 3.0
5.72033505713 -12.2323622752 -3.23110693694 -12.2323622752 0.0
-3.23110693694 -12.2323622752 -5.23255349858 -12.2323622752 1.0
-5.23255349858 -12.2323622752 -5.23255349858 -14.2300935292 1.0
-5.43255349858 -14.4300935292 3.72660976813 -14.4300935292 0.0
3.72660976813 -14.4300935292 5.27118251488 -14.4300935292 3.0
5.27118251488 -14.4300935292 16.113905896 -14.4300935292 0.0
16.113905896 -14.4300935292 17.0115618713 -14.4300935292 1.0
16.8115618713 -14.6300935292 6.88486479879 -14.6300935292 0.0
6.68486479879 -14.8300935292 5.11905088903 -14.8300935292 3.0
5.11905088903 -14.8300935292 -3.93801806715 -14.8300935292 0.0
-3.93801806715 -14.8300935292 -5.71991438386 -14.8300935292 1.0
-5.71991438386 -14.8300935292 -5.71991438386 -16.8339348282 1.0
-5.91991438386 -17.0339348282 2.91660183869 -17.0339348282 0.0
2.91660183869 -17.0339348282 4.69155005303 -17.0339348282 3.0
4.69155005303 -17.0339348282 15.319236018 -17.0339348282 0.0
15.319236018 -17.0339348282 16.6826367368 -17.0339348282 1.0
16.4826367368 -17.2339348282 6.21658305439 -17.2339348282 0.0
6.01658305439 -17.4339348282 4.00633585566 -17.4339348282 3.0
4.00633585566 -17.4339348282 -4.7122818426 -17.4339348282 0.0
-4.7122818426 -17.4339348282 -6.94287491477 -17.4339348282 1.0
-6.94287491477 -17.4339348282 -6.94287491477 -19.468897963 1.0
-7.14287491477 -19.668897963 1.69960709365 -19.668897963 0.0
1.69960709365 -19.668897963 3.47724310951 -19.668897963 3.0
3.47724310951 -19.668897963 14.1435186849 -19.668897963 0.0
14.1435186849 -19.668897963 15.2959327815 -19.668897963 1.0
15.0959327815 -19.868897963 4.79062910133 -19.868897963 0.0
4.59062910133 -20.068897963 3.01618740663 -20.068897963 3.0
3.01618740663 -20.068897963 -5.75733841618 -20.068897963 0.0
-5.75733841618 -20.068897963 -7.99030165367 -20.068897963 1.0
-7.99030165367 -20.068897963 -7.99030165367 -22.0585187625 1.0
-8.19030165367 -22.2585187625 0.43135197526 -22.2585187625 0.0
0.43135197526 -22.2585187625 2.21458750566 -22.2585187625 3.0
2.21458750566 -22.2585187625 12.6678995153 -22.2585187625 0.0
12.6678995153 -22.2585187625 14.2398459393 -22.2585187625 1.0
14.0398459393 -22.4585187625 3.99217565011 -22.4585187625 0.0
3.79217565011 -22.6585187625 1.77906944079 -22.6585187625 3.0
1.77906944079 -22.6585187625 -6.92822584962 -22.6585187625 0.0
-6.92822584962 -22.6585187625 -8.71016486584 -22.6585187625 1.0
-8.71016486584 -22.6585187625 -8.71016486584 -24.6278245861 1.0
-8.91016486584 -24.8278245861 0.134945990845 -24.8278245861 0.0
0.134945990845 -24.8278245861 2.13287851473 -24.8278245861 3.0
2.13287851473 -24.8278245861 12.5532615331 -24.8278245861 0.0
12.5532615331 -24.8278245861 13.9123778821 -24.8278245861 1.0
13.7123778821 -25.0278245861 3.6700218139 -25.0278245861 0.0
3.4700218139 -25.2278245861 1.46066422005 -25.2278245861 3.0
1.46066422005 -25.2278245861 -7.01994706276 -25.2278245861 0.0
-7.01994706276 -25.2278245861 -12.3501882815 -25.2278245861 1.0
-12.3501882815 -25.2278245861 -12.3501882815 -27.3038734241 1.0
-12.5501882815 -27.5038734241 -5.92054947838 -27.5038734241 0.0
-5.92054947838 -27.5038734241 -5.47699720232 -27.5038734241 2.0
-5.47699720232 -27.5038734241 -1.18687164238 -27.5038734241 0.0
-1.18687164238 -27.5038734241 0.578833351551 -27.5038734241 3.0
0.578833351551 -27.5038734241 2.57553252018 -27.5038734241 0.0
2.57553252018 -27.5038734241 3.45840203489 -27.5038734241 2.0
3.45840203489 -27.5038734241 10.0844836862 -27.5038734241 0.0
10.0844836862 -27.5038734241 10.5261038171 -27.5038734241 1.0
10.5261038171 -27.5038734241 11.1851057367 -27.5038734241 1.0
10.9851057367 -27.7038734241 10.8426775091 -27.7038734241 1.0
10.6426775091 -27.9038734241 3.73316968222 -27.9038734241 0.0
3.73316968222 -27.9038734241 3.06316752551 -27.9038734241 2.0
3.06316752551 -27.9038734241 3.06316752551 -28.6368010467 2.0
3.06316752551 -28.6368010467 3.06316752551 -28.8527644695 1.0
2.86316752551 -29.0527644695 2.86316752551 -28.6144029293 1.0
2.66316752551 -28.8144029293 2.66316752551 -28.5370481204 2.0
2.66316752551 -28.5370481204 0.216626528511 -28.5370481204 0.0
0.216626528511 -28.5370481204 -1.57028086976 -28.5370481204 3.0
-1.57028086976 -28.5370481204 -5.5928676823 -28.5370481204 0.0
-5.5928676823 -28.5370481204 -6.03141077072 -28.5370481204 2.0
-6.03141077072 -28.5370481204 -6.25527714693 -28.5370481204 2.0
-6.25527714693 -28.5370481204 -12.2739168408 -28.5370481204 0.0
-12.2739168408 -28.5370481204 -14.0551350259 -28.5370481204 1.0
-14.0551350259 -28.5370481204 -14.0551350259 -30.7663996006 1.0
-14.2551350259 -30.9663996006 -13.9757700395 -30.9663996006 1.0
-13.9757700395 -30.9663996006 -11.9840672573 -30.9663996006 0.0
-11.9840672573 -30.9663996006 -9.31757266959 -30.9663996006 0.0
-9.31757266959 -30.9663996006 -7.54157885482 -30.9663996006 2.0
-7.54157885482 -30.9663996006 -7.09421881011 -30.9663996006 0.0
-7.09421881011 -30.9663996006 -3.76643284668 -30.9663996006 0.0
-3.76643284668 -30.9663996006 -1.99995254405 -30.9663996006 3.0
-1.99995254405 -30.9663996006 -0.230116469716 -30.9663996006 0.0
-0.230116469716 -30.9663996006 0.651812110159 -30.9663996006 2.0
0.651812110159 -30.9663996006 1.46456305602 -30.9663996006 0.0
1.26456305602 -31.1663996006 0.805587130726 -31.1663996006 2.0
0.805587130726 -31.1663996006 1.4635801778 -31.1663996006 0.0
1.2635801778 -31.3663996006 6.35130896381 -31.3663996006 0.0
6.35130896381 -31.3663996006 7.62611796912 -31.3663996006 1.0
7.42611796912 -31.5663996006 1.18651216025 -31.5663996006 0.0
0.986512160252 -31.7663996006 0.537697721981 -31.7663996006 2.0
0.537697721981 -31.7663996006 0.309605087291 -31.7663996006 2.0
0.309605087291 -31.7663996006 -1.24919517252 -31.7663996006 0.0
-1.24919517252 -31.7663996006 -1.70249473132 -31.7663996006 3.0
-1.70249473132 -31.7663996006 -1.93057105626 -31.7663996006 1.0
-1.93057105626 -31.7663996006 -2.37400818822 -31.7663996006 3.0
-2.37400818822 -31.7663996006 -6.62971102319 -31.7663996006 0.0
-6.62971102319 -31.7663996006 -7.07817428813 -31.7663996006 0.0
-7.07817428813 -31.7663996006 -13.1306414244 -31.7663996006 0.0
-13.1306414244 -31.7663996006 -13.8055677677 -31.7663996006 1.0
-13.8055677677 -31.7663996006 -14.2592618286 -31.7663996006 2.0
-14.2592618286 -31.7663996006 -14.2592618286 -33.9469269889 1.0
-14.4592618286 -34.1469269889 -10.4164832215 -34.1469269889 0.0
-10.4164832215 -34.1469269889 -2.71133579056 -34.1469269889 0.0
-2.71133579056 -34.1469269889 -2.2725447208 -34.1469269889 3.0
-2.2725447208 -34.1469269889 -1.83063647241 -34.1469269889 3.0
-1.83063647241 -34.1469269889 1.29414936025 -34.1469269889 0.0
1.29414936025 -34.1469269889 3.28144861552 -34.1469269889 0.0
3.28144861552 -34.1469269889 7.93537717643 -34.1469269889 0.0
7.93537717643 -34.1469269889 9.21542213267 -34.1469269889 1.0
9.01542213267 -34.3469269889 -0.842522696248 -34.3469269889 0.0
-1.04252269625 -34.5469269889 -2.3853969048 -34.5469269889 3.0
-2.3853969048 -34.5469269889 -14.4673245442 -34.5469269889 0.0
-14.4673245442 -34.5469269889 -16.4862978338 -34.5469269889 1.0
-16.4862978338 -34.5469269889 -16.4862978338 -37.0559295149 1.0
-16.6862978338 -37.2559295149 -4.91543422353 -37.2559295149 0.0
-4.91543422353 -37.2559295149 -3.15842528477 -37.2559295149 3.0
-3.15842528477 -37.2559295149 7.02456037269 -37.2559295149 0.0
7.02456037269 -37.2559295149 8.35016043304 -37.2559295149 2.0
7.73311838643 -37.6559295149 7.49837797661 -37.6559295149 2.0
7.29837797661 -37.8559295149 -1.82800175908 -37.8559295149 0.0
-1.82800175908 -37.8559295149 -2.95922577756 -37.8559295149 3.0
-2.95922577756 -37.8559295149 -12.1225706503 -37.8559295149 0.0
-12.1225706503 -37.8559295149 -13.2386896064 -37.8559295149 0.0
-13.2386896064 -37.8559295149 -13.9133976601 -37.8559295149 0.0
-13.9133976601 -37.8559295149 -16.5666390174 -37.8559295149 1.0
-16.5666390174 -37.8559295149 -16.5666390174 -40.0612468339 1.0
-16.7467976418 -40.4612468339 -16.5248552493 -40.4612468339 1.0
-16.7248552493 -40.6612468339 -13.1831396679 -40.6612468339 0.0
-13.1831396679 -40.6612468339 -6.09878501184 -40.6612468339 0.0
-6.09878501184 -40.6612468339 -4.54814861187 -40.6612468339 3.0
-4.54814861187 -40.6612468339 0.99028389652 -40.6612468339 0.0
0.99028389652 -40.6612468339 1.21398409768 -40.6612468339 2.0
1.21398409768 -40.6612468339 5.41692074365 -40.6612468339 0.0
5.41692074365 -40.6612468339 7.20168252327 -40.6612468339 1.0
7.00168252327 -40.8612468339 -3.28096881673 -40.8612468339 0.0
-3.48096881673 -41.0612468339 -3.92746972378 -41.0612468339 3.0
-4.12746972378 -41.2612468339 -16.4160659785 -41.2612468339 0.0
-16.6160659785 -41.4612468339 -18.6290114522 -41.4612468339 1.0
-18.6290114522 -41.4612468339 -18.6290114522 -43.9152421971 1.0
-18.8290114522 -44.1152421971 -17.9366257934 -44.1152421971 0.0
-18.1366257934 -44.3152421971 -17.9222983234 -44.3152421971 2.0
-18.1222983234 -44.5152421971 -11.7055917281 -44.5152421971 0.0
-11.7055917281 -44.5152421971 -8.60978780142 -44.5152421971 0.0
-8.60978780142 -44.5152421971 -7.72893825944 -44.5152421971 3.0
-7.72893825944 -44.5152421971 3.34062343107 -44.5152421971 0.0
3.34062343107 -44.5152421971 4.56522960858 -44.5152421971 1.0
4.36522960858 -44.7152421971 -5.87862699721 -44.7152421971 0.0
-6.07862699721 -44.9152421971 -6.30763127664 -44.9152421971 3.0
-6.50763127664 -45.1152421971 -6.73183850222 -45.1152421971 1.0
-6.93183850222 -45.3152421971 -7.16065327447 -45.3152421971 3.0
-7.16065327447 -45.3152421971 -9.64029215148 -45.3152421971 0.0
-9.64029215148 -45.3152421971 -9.8638916005 -45.3152421971 2.0
-9.8638916005 -45.3152421971 -11.2089628446 -45.3152421971 0.0
-11.2089628446 -45.3152421971 -18.3807732234 -45.3152421971 0.0
-18.3807732234 -45.3152421971 -20.407609938 -45.3152421971 1.0
-20.407609938 -45.3152421971 -20.407609938 -47.5792885665 1.0
-20.607609938 -47.7792885665 -9.10436714658 -47.7792885665 0.0
-9.30436714658 -47.9792885665 -8.19733141324 -47.9792885665 3.0
-8.39733141324 -48.1792885665 -8.17902314496 -48.1792885665 2.0
-8.17902314496 -48.1792885665 2.66198095706 -48.1792885665 0.0
2.66198095706 -48.1792885665 4.05071205054 -48.1792885665 1.0
3.85071205054 -48.3792885665 -6.70415508505 -48.3792885665 0.0
-6.90415508505 -48.5792885665 -7.13198513136 -48.5792885665 3.0
-7.33198513136 -48.7792885665 -7.77559059796 -48.7792885665 3.0
-7.97559059796 -48.9792885665 -8.1997999867 -48.9792885665 2.0
-8.1997999867 -48.9792885665 -20.5550260389 -48.9792885665 0.0
-20.5550260389 -48.9792885665 -21.0026392899 -48.9792885665 1.0
-21.0026392899 -48.9792885665 -21.4460683513 -48.9792885665 2.0
-21.4460683513 -48.9792885665 -21.4460683513 -50.7011371207 1.0
-21.6460683513 -50.9011371207 -20.6489513822 -50.9011371207 1.0
