156 201 88 136
211 250 12 79
367 374 137 155
376 379 137 155
380 410 334 366
414 426 319 329
436 455 288 309
458 475 269 283
476 484 259 268
484 508 259 268
616 626 376 379
627 658 583 615
663 674 567 580
683 703 541 557
738 749 509 521
750 758 484 508
758 768 484 508
884 894 616 626
895 939 834 883
950 968 805 825
977 989 769 777
991 999 758 768
999 1009 758 768
1106 1116 884 894
1117 1162 1058 1105
1172 1212 1010 1048
1213 1221 999 1009
1221 1231 999 1009
1331 1340 1106 1116
1341 1387 1281 1330
1396 1436 1232 1272
1558 1566 1331 1340
1567 1611 1508 1557
1621 1663 1458 1499
1664 1672 1446 1457
1672 1684 1446 1457
1784 1794 1558 1566
1795 1841 1735 1783
1852 1891 1685 1725
1892 1902 1672 1684
1902 1914 1672 1684
2014 2023 1784 1794
2025 2071 1965 2013
2080 2119 1915 1955
2120 2130 1902 1914
2130 2143 1902 1914
2241 2253 2014 2023
2255 2300 2193 2240
2311 2350 2144 2183
2351 2359 2130 2143
2359 2390 2130 2143
2491 2502 2241 2253
2503 2548 2443 2490
2559 2597 2391 2432
2598 2622 2359 2390
2622 2633 2359 2390
2745 2747 2491 2502
2749 2752 2491 2502
2813 2824 2697 2706
2834 2852 2668 2687
2861 2888 2634 2664
2889 2897 2622 2633
2897 2908 2622 2633
3045 3055 2754 2759
3056 3084 3021 3044
3167 3170 2897 2908
3302 3311 3045 3055
3312 3358 3280 3301
3369 3423 3209 3244
3424 3433 3174 3187
3433 3447 3174 3187
3577 3618 3512 3558
3628 3669 3448 3501
3671 3676 3448 3501
3678 3681 3448 3501
