0.0919431 0.199112 0.113784 1
0.0916385 0.199592 0.0862649 1
0.0917035 0.200303 0.0326653 2
0.0917604 0.203403 -0.00412755 2
0.0918443 0.203316 -0.0101184 1
0.0917996 0.203275 -0.0111559 1
0.0918349 0.203211 -0.0122729 2
0.0917729 0.203173 -0.0134945 2
0.0918236 0.203118 -0.0137139 1
0.135594 0.194697 -0.0143309 1
0.276022 0.0367432 -0.0151817 1
0.347972 -0.161823 -0.00939819 1
0.371349 -0.393428 -0.00895062 0
0.397056 -0.602176 -0.00977411 0
0.433442 -0.822526 -0.00921967 0
0.459826 -1.02822 -0.00813324 0
0.46361 -1.08283 -0.0108774 0
0.456986 -0.993768 -0.0112576 0
0.433297 -0.791428 -0.00954438 0
0.410418 -0.590032 -0.0101743 0
0.406765 -0.849552 -0.0122809 0
0.429683 -1.12609 -0.0106541 0
0.453462 -1.36418 -0.0137212 0
0.485958 -1.56557 -0.0131847 0
0.452547 -1.2815 -0.0159755 0
0.433893 -1.05149 -0.016045 0
0.434053 -1.2858 -0.0138082 0
0.448456 -1.48611 -0.0138675 0
0.436286 -1.24475 -0.0151325 0
0.42917 -1.02287 -0.0123938 0
0.424881 -0.811142 -0.0113252 0
0.425018 -0.809597 -0.0122243 0
0.43342 -0.973407 -0.0105665 0
0.452934 -1.19346 -0.0129967 0
0.474734 -1.40324 -0.0138196 0
0.506046 -1.65127 -0.0190439 0
0.507066 -1.88416 -0.0212285 0
0.444999 -2.10413 -0.0227649 0
0.406568 -2.31827 -0.0217752 0
0.433884 -2.57424 -0.0206378 0
0.49789 -2.82118 -0.0184933 0
0.456547 -2.46782 -0.0224307 0
0.404822 -2.19907 -0.0222391 0
0.349937 -1.90464 -0.0129911 0
0.305269 -1.64659 -0.00846143 0
0.258455 -1.68229 -0.00885236 1
0.281729 -1.90085 -0.00767439 0
0.294494 -2.1198 -0.0115627 0
0.293248 -2.35024 -0.0142014 0
0.261265 -2.57129 -0.0153386 0
0.233193 -2.79225 -0.0163439 0
0.222248 -3.01138 -0.0151472 0
0.220882 -3.23084 -0.0136846 0
0.217975 -3.4526 -0.0124664 0
0.217684 -3.67416 -0.0114822 0
0.223442 -3.89237 -0.0128527 0
0.235689 -4.12019 -0.0131283 0
0.240975 -4.34578 -0.0136903 0
0.234835 -4.56776 -0.0145535 0
0.227845 -4.7883 -0.0114773 0
0.225018 -5.00643 -0.00932372 0
0.226307 -5.2294 -0.0097782 0
0.231032 -5.45587 -0.0109358 0
0.221343 -5.68811 -0.0117119 0
0.193557 -5.89517 -0.0136718 0
0.166999 -6.11924 -0.0149127 0
0.143128 -6.34094 -0.0143739 0
0.124455 -6.55812 -0.0123972 0
0.109804 -6.7807 -0.0115793 0
0.098772 -7.00304 -0.0098407 0
0.0909674 -7.22845 -0.0105089 0
0.0904966 -7.44521 -0.0117399 0
0.0916696 -7.66778 -0.0121679 0
0.0945741 -7.8885 -0.0148537 0
0.0949937 -8.11207 -0.014592 0
0.0985021 -8.33707 -0.0144561 0
0.0973715 -8.56767 -0.0150223 0
0.0917655 -8.791 -0.0126297 0
0.0831563 -9.01145 -0.0148671 0
0.0780828 -9.23193 -0.014252 2
0.0657585 -9.45959 -0.014213 2
0.048065 -9.67682 -0.0176283 2
0.0398831 -9.89486 -0.0171925 2
0.0297175 -10.1201 -0.0156022 2
0.0274023 -10.3431 -0.0163949 2
0.0269992 -10.5661 -0.0164919 2
0.0302656 -10.7886 -0.0171209 2
0.0360204 -11.005 -0.0163521 0
0.0482478 -11.2275 -0.0170064 0
0.0490739 -11.46 -0.0158801 0
0.0211015 -11.6768 -0.0193584 0
-0.00955697 -11.8896 -0.0176667 0
-0.0347835 -12.1159 -0.0165486 0
-0.0565932 -12.3379 -0.0190552 0
-0.0736044 -12.555 -0.0173693 0
-0.0878975 -12.7727 -0.0157324 0
-0.0993516 -12.9954 -0.0116903 0
-0.107136 -13.2232 -0.00942373 0
-0.10927 -13.4449 -0.0092895 0
-0.107019 -13.6642 -0.0104619 0
-0.0990832 -13.8795 -0.011872 0
-0.0916214 -14.1069 -0.0113375 0
-0.0782019 -14.3254 -0.0120003 0
-0.0661402 -14.5523 -0.01193 0
-0.0670398 -14.7772 -0.0149995 0
-0.0852626 -14.9965 -0.0142354 0
-0.105701 -15.22 -0.0125713 0
-0.121369 -15.441 -0.0105808 0
-0.134927 -15.661 -0.0116337 0
-0.13822 -15.8776 -0.00818255 0
-0.142106 -16.107 -0.0108459 0
-0.142182 -16.3311 -0.0111029 0
-0.141925 -16.5545 -0.0113445 0
-0.145205 -16.7763 -0.0102847 0
-0.148618 -16.9939 -0.00978957 0
-0.148494 -17.2195 -0.0129923 0
-0.162923 -17.4422 -0.0103919 0
-0.188212 -17.6613 -0.00805179 0
-0.202924 -17.8814 -0.00909067 0
-0.218065 -18.1063 -0.0106504 0
-0.230419 -18.3262 -0.00923287 0
-0.238797 -18.5468 -0.0105293 0
-0.242423 -18.7669 -0.0128368 0
-0.244256 -18.9917 -0.0112786 0
-0.248301 -19.2151 -0.010706 0
-0.250971 -19.4382 -0.0114451 0
-0.255755 -19.6631 -0.0153432 0
-0.261325 -19.8798 -0.0149958 0
-0.264964 -20.0997 -0.0144811 0
-0.265159 -20.3226 -0.0167816 0
-0.266685 -20.5513 -0.0209428 0
-0.282149 -20.7781 -0.0210769 0
-0.300616 -20.9952 -0.0195981 0
-0.319632 -21.216 -0.0193113 0
-0.331812 -21.4379 -0.0194468 0
-0.340038 -21.661 -0.0221058 0
-0.344552 -21.8777 -0.0219086 1
-0.347484 -22.0978 -0.0197101 1
-0.345432 -22.3284 -0.0207426 1
-0.352296 -22.551 -0.0200053 1
-0.363811 -22.7698 -0.0211237 1
-0.36619 -22.994 -0.0240794 1
-0.371838 -23.219 -0.0231138 1
-0.395149 -23.435 -0.0200126 1
-0.428477 -23.6608 -0.0203521 1
-0.45576 -23.8807 -0.0216463 1
-0.492667 -24.0909 -0.0213347 1
-0.543336 -24.1631 -0.0191509 1
-0.56019 -24.131 -0.0324633 1
-0.558077 -24.0923 -0.00975449 1
-0.536005 -24.0641 -0.00276 1
-0.504411 -24.048 -0.00474079 1
-0.494483 -24.0524 -0.00664043 1
-0.492729 -23.8264 -0.00889539 1
-0.498851 -23.6051 -0.0071472 1
-0.495452 -23.3866 -0.00689931 0
-0.486307 -23.1608 -0.00940433 0
-0.455986 -22.9429 -0.00660725 0
-0.420719 -22.7257 -0.0063577 0
-0.391339 -22.501 -0.00777184 0
-0.369855 -22.2873 -0.00680187 0
-0.351317 -22.0599 -0.00783798 0
-0.335495 -21.8398 -0.00844569 0
-0.321441 -21.6195 -0.00600504 0
-0.311856 -21.399 -0.010139 0
-0.30251 -21.1726 -0.00594071 0
-0.274627 -20.9535 -0.00509555 0
-0.240265 -20.7368 -0.00419718 0
-0.211235 -20.5154 -0.00297911 0
-0.190373 -20.3011 -0.00312893 0
-0.169245 -20.077 -0.00624226 0
-0.15461 -19.8566 -0.00884591 0
-0.144681 -19.6305 -0.00993451 0
-0.139757 -19.4138 -0.0102249 0
-0.136319 -19.191 -0.0085941 0
-0.137939 -18.9697 -0.00792858 0
-0.142014 -18.7469 -0.00945938 0
-0.144389 -18.5246 -0.00758513 0
-0.137353 -18.3032 -0.00992283 0
-0.132286 -18.08 -0.0123783 0
-0.129956 -17.8522 -0.0116528 0
-0.124954 -17.6318 -0.00980525 0
-0.120907 -17.4175 -0.00842878 0
-0.115933 -17.189 -0.00897212 0
-0.10488 -16.9629 -0.00929633 0
-0.0834551 -16.7467 -0.00707425 0
-0.0660808 -16.5188 -0.0105179 0
-0.0508095 -16.3016 -0.0102478 0
-0.039347 -16.0759 -0.0094351 0
-0.0318716 -15.8576 -0.00864117 0
-0.029186 -15.6376 -0.00915506 0
-0.029671 -15.4148 -0.00870812 0
-0.0338454 -15.1942 -0.0097812 0
-0.0456571 -14.9669 -0.0104697 0
-0.0525959 -14.7482 -0.0104825 0
-0.0528081 -14.5231 -0.0111144 0
-0.0587956 -14.3079 -0.012687 0
-0.0676934 -14.0845 -0.011967 0
-0.0744405 -13.8594 -0.0139328 0
-0.0763801 -13.637 -0.0168566 0
-0.0808107 -13.4112 -0.0142879 0
-0.0828339 -13.1928 -0.0134401 2
-0.0766225 -12.9725 -0.0133532 2
-0.0621838 -12.7497 -0.0131332 2
-0.0512353 -12.527 -0.0123343 2
-0.0433654 -12.3087 -0.00806592 2
-0.0400878 -12.0804 -0.00498777 2
-0.0423586 -11.8601 -0.00458676 2
-0.0463028 -11.6374 -0.00344198 2
-0.0522684 -11.4209 -0.00451312 2
-0.0624628 -11.1955 -0.00718309 0
-0.065217 -10.9703 -0.00851555 0
-0.0581122 -10.75 -0.0126857 0
-0.0529546 -10.5271 -0.0121254 0
-0.0515013 -10.3091 -0.0100539 0
-0.046005 -10.0805 -0.0112438 0
-0.0430273 -9.85614 -0.0117363 0
-0.0411237 -9.5598 -0.016442 0
-0.0390262 -9.33643 -0.0172729 0
-0.0368177 -9.10984 -0.0179218 0
-0.0338777 -8.88686 -0.0218092 0
-0.0331371 -8.66144 -0.0250585 0
-0.0332927 -8.43746 -0.0227722 0
-0.0309742 -8.21531 -0.025395 0
-0.0286031 -7.98859 -0.0247764 0
-0.026902 -7.76143 -0.0256949 0
-0.0271085 -7.53683 -0.0280383 0
-0.0287112 -7.31782 -0.0284242 0
-0.0293983 -7.09242 -0.0275497 0
-0.0261099 -6.86902 -0.0267817 0
-0.0269095 -6.64624 -0.0208141 0
-0.0241752 -6.42166 -0.0193068 0
-0.0205114 -6.19823 -0.016875 0
-0.0180236 -5.96916 -0.0138886 0
-0.0181863 -5.74692 -0.0132021 0
-0.0184675 -5.52401 -0.010971 0
-0.0212132 -5.29611 -0.0108109 0
-0.0195211 -5.07687 -0.0139072 0
-0.0123024 -4.85127 -0.0133204 0
0.00260185 -4.62267 -0.0122891 0
0.0200893 -4.40057 -0.0141623 0
0.0333168 -4.18195 -0.0136059 0
0.0432082 -3.96297 -0.0131732 0
0.0490184 -3.74009 -0.0136991 0
0.0529373 -3.51434 -0.011624 0
0.0568593 -3.29244 -0.0076717 0
0.0585943 -3.07165 -0.0056958 0
0.0603965 -2.84269 -0.00308312 0
0.0629053 -2.61672 -0.00250735 0
0.0646407 -2.39436 -0.000920882 1
0.0680383 -2.17273 -0.00114696 1
0.0677341 -1.9467 -0.00287599 1
0.0692827 -1.71723 -0.00442877 1
0.0682749 -1.4908 -0.00506759 1
0.065641 -1.27402 -0.00706446 1
0.0562923 -1.05525 -0.00867532 1
0.0446399 -0.831315 -0.00875054 1
0.0292923 -0.613002 -0.00776817 1
0.00846007 -0.394286 -0.00881495 1
-0.0473049 -0.206442 -0.00822678 1
-0.180826 -0.0884254 -0.0157602 1
-0.443613 -0.0168534 -0.0243847 1
-0.668849 0.00309749 -0.0905386 1
-0.880254 0.0293438 -0.113348 1
-1.09567 0.0440575 -0.17203 1
-1.3159 0.01162 -0.00918566 1
-1.49675 -0.0750348 -0.0167136 1
-1.5746 -0.196492 -0.0135156 1
-1.62334 -0.428542 -0.0133306 0
-1.64991 -0.649926 -0.0138966 0
-1.67387 -0.869824 -0.0123231 0
-1.69375 -1.09022 -0.0134614 0
-1.70332 -1.31041 -0.0126008 0
-1.70454 -1.53173 -0.0129595 0
-1.70874 -1.7578 -0.0122735 0
-1.70398 -1.98254 -0.0110039 0
-1.70039 -2.19807 -0.0123276 0
-1.69006 -2.42088 -0.0106871 0
-1.67584 -2.64373 -0.012208 2
-1.66618 -2.86922 -0.0159457 0
-1.662 -3.08895 -0.0169899 0
-1.66107 -3.30766 -0.014145 0
-1.66269 -3.53554 -0.012544 0
-1.65638 -3.75615 -0.0124723 2
-1.6567 -3.98168 -0.0088971 2
-1.66011 -4.19968 -0.00996561 2
-1.66082 -4.4201 -0.00991337 2
-1.66125 -4.64394 -0.0111253 0
-1.65721 -4.86936 -0.00924443 0
-1.66969 -5.09438 -0.00809621 0
-1.69801 -5.3059 -0.00793235 0
-1.72893 -5.52916 -0.00740833 0
-1.75193 -5.74869 -0.00746642 0
-1.76878 -5.9681 -0.00746776 0
-1.78133 -6.1896 -0.00586428 0
-1.78522 -6.41101 -0.00295682 0
-1.79117 -6.6362 -0.00199081 0
-1.79475 -6.85814 -0.00750716 0
-1.79809 -7.08075 -0.00479025 0
-1.80426 -7.29871 -0.00885365 0
-1.80476 -7.51926 -0.00827935 0
-1.8031 -7.7431 -0.00837403 0
-1.8092 -7.9675 -0.00799701 0
-1.81296 -8.19044 -0.0044662 0
-1.81787 -8.40599 -0.00510697 0
-1.8164 -8.63628 -0.00648824 0
-1.81325 -8.85912 -0.00709292 0
-1.81754 -9.08352 -0.00249226 0
-1.82912 -9.29986 -0.00167401 3
-1.83468 -9.52674 -0.00190572 3
-1.83624 -9.74828 -0.00195932 3
-1.84217 -9.97405 -0.00542913 3
-1.84527 -10.1791 -0.00329103 3
-1.84044 -10.4065 -0.00350636 3
-1.83948 -10.6308 -0.00610344 3
-1.8316 -10.887 -0.00785921 3
-1.827 -11.1449 -0.0092403 3
-1.85198 -11.357 -0.00809165 3
-1.87305 -11.5838 -0.00652644 0
-1.88722 -11.8024 -0.00823828 0
-1.8959 -12.0234 -0.00981962 0
-1.89854 -12.2406 -0.0090237 0
-1.89936 -12.4678 -0.00792277 0
-1.89899 -12.6902 -0.00732687 0
-1.89454 -12.9161 -0.00519052 0
-1.89128 -13.137 -0.00313067 0
-1.89239 -13.357 5.37194e-05 0
-1.88988 -13.5799 -0.00114912 0
-1.88729 -13.8033 -0.0022701 0
-1.88011 -14.0212 -0.00100115 2
-1.87361 -14.2414 0.00073422 2
-1.87086 -14.4717 0.00176035 2
-1.86493 -14.6944 0.00380702 2
-1.8623 -14.9123 -0.000313116 0
-1.85457 -15.1348 -0.00247852 0
-1.84586 -15.3599 -0.00409926 0
-1.85242 -15.5781 -0.00892328 0
-1.87026 -15.8028 -0.00998302 0
-1.88194 -16.028 -0.0112037 0
-1.90785 -16.2422 -0.0156464 0
-1.93534 -16.4607 -0.0157136 0
-1.9594 -16.6823 -0.0125753 0
-1.97954 -16.9045 -0.00979239 0
-1.99432 -17.1218 -0.00689431 0
-2.00516 -17.3451 -0.0132668 0
-2.01203 -17.5674 -0.0156316 0
-2.01478 -17.7904 -0.0182234 0
-2.01493 -18.0114 -0.0199593 0
-2.01951 -18.2365 -0.0163527 0
-2.03799 -18.457 -0.015387 0
-2.05708 -18.679 -0.0116801 0
-2.0704 -18.9017 -0.0114037 0
-2.07767 -19.1199 -0.0148103 0
-2.07837 -19.3463 -0.015935 0
-2.07616 -19.7875 -0.0174103 0
-2.07057 -20.0032 -0.0142608 0
-2.06334 -20.2353 -0.0157336 0
-2.05777 -20.4594 -0.0155977 0
-2.05235 -20.679 -0.0143148 0
-2.04382 -20.9028 -0.0133944 0
-2.03304 -21.1209 -0.0119737 0
-2.02734 -21.3465 -0.00769002 0
-2.03529 -21.5729 -0.00699924 0
-2.04476 -21.7986 -0.00603761 0
-2.04771 -22.0148 -0.00539113 0
-2.04672 -22.235 -0.00626454 1
-2.04345 -22.4591 -0.00840328 1
-2.03573 -22.6787 -0.0107163 1
-2.02708 -22.9016 -0.0102843 1
-2.01741 -23.1267 -0.0116852 1
-2.00754 -23.3568 -0.0125574 1
-1.99893 -23.5772 -0.0171558 1
-1.98452 -23.7837 -0.0178136 1
-2.01438 -23.8371 -0.0140856 1
-2.04051 -23.8094 -0.0193116 1
-2.04786 -23.7736 0.0719041 1
-2.03504 -23.7393 -0.00610703 1
-2.00633 -23.718 -0.00612325 1
-1.99265 -23.4869 -0.00887411 0
-2.00464 -23.2598 -0.00774456 0
-2.00954 -23.0371 -0.00606583 0
-2.00692 -22.8158 -0.00439723 0
-2.00507 -22.5967 -0.00545166 0
-2.00745 -22.3736 -0.0094673 0
-2.01024 -22.1468 -0.00695674 0
-2.00237 -21.9228 -0.0082833 0
-1.98868 -21.7028 -0.00576785 0
-1.97875 -21.4848 -0.00571424 0
-1.96226 -21.2598 -0.00960485 0
-1.94126 -21.0352 -0.00659671 0
-1.92159 -20.8202 -0.00683875 0
-1.90814 -20.6003 -0.00637596 0
-1.89788 -20.3673 -0.00545135 0
-1.88663 -20.1449 -0.00450083 0
-1.87528 -19.9291 -0.00370468 0
-1.86993 -19.7061 -0.0010504 0
-1.86538 -19.4816 0.000379102 0
-1.8635 -19.2549 0.0013691 0
-1.86066 -19.0293 0.000581293 0
-1.85944 -18.8057 0.00143479 0
-1.86 -18.3629 0.00121257 0
-1.86688 -18.1417 5.4441e-05 0
-1.87205 -17.9174 0.0024528 0
-1.87671 -17.696 0.00132511 0
-1.8711 -17.4671 -0.0012725 0
-1.86532 -17.2431 -0.00386174 0
-1.86237 -17.0231 -0.009536 0
-1.85705 -16.7992 -0.0135022 0
-1.84448 -16.5818 -0.0123828 2
-1.83447 -16.3588 -0.0101249 2
-1.8303 -16.1357 -0.0112326 2
-1.82908 -15.9097 -0.00824666 0
-1.82963 -15.6952 -0.0075189 0
-1.82484 -15.4655 -0.012093 0
-1.81329 -15.2426 -0.0149436 0
-1.79525 -15.0215 -0.0179977 0
-1.78147 -14.8033 -0.0187903 0
-1.77297 -14.5817 -0.0184222 0
-1.76511 -14.3536 -0.0231463 0
-1.76193 -14.13 -0.0203381 0
-1.7617 -13.9126 -0.0180366 0
-1.76836 -13.6906 -0.0178738 0
-1.77888 -13.4673 -0.0157252 0
-1.78347 -13.2411 -0.0167246 0
-1.78326 -13.0202 -0.0168454 3
-1.78696 -12.797 -0.0158124 3
-1.79265 -12.5786 -0.0170573 3
-1.79486 -12.3503 -0.0139519 3
-1.79738 -12.1319 -0.0125916 3
-1.8003 -11.9088 -0.0122911 3
-1.79266 -11.6855 -0.0113753 3
-1.79124 -11.462 -0.00954862 3
-1.79468 -11.2365 -0.0106426 3
-1.7986 -11.0156 -0.00811116 0
-1.79636 -10.7911 -0.00768607 0
-1.77683 -10.5774 -0.00938938 0
-1.75593 -10.3552 -0.00965526 0
-1.738 -10.1315 -0.00976933 0
-1.72561 -9.90454 -0.0125776 0
-1.71654 -9.69144 -0.0118032 0
-1.71084 -9.46713 -0.0119826 0
-1.70985 -9.24495 -0.0127812 0
-1.71103 -9.01817 -0.00963382 0
-1.70192 -8.79653 -0.00808309 0
-1.67818 -8.57848 -0.0101105 0
-1.6549 -8.35143 -0.00961077 0
-1.63808 -8.13107 -0.0111405 0
-1.62582 -7.91086 -0.0125373 0
-1.61845 -7.68791 -0.0114827 0
-1.6155 -7.46709 -0.0140054 0
-1.6132 -7.2441 -0.0114504 0
-1.61428 -6.94844 -0.0103714 0
-1.62039 -6.72578 -0.0117687 0
-1.63135 -6.5032 -0.0104242 2
-1.63527 -6.27184 -0.0123103 2
-1.62307 -6.04707 -0.0138016 0
-1.60711 -5.83029 -0.0104298 0
-1.59681 -5.61578 -0.0139004 0
-1.58783 -5.38743 -0.018022 0
-1.58478 -5.16785 -0.0191527 0
-1.58578 -4.94562 -0.0198916 0
-1.59075 -4.71862 -0.0189708 0
-1.59739 -4.50422 -0.0169972 0
-1.60431 -4.27367 -0.016923 0
-1.60495 -3.82713 -0.0154221 0
-1.5962 -3.6083 -0.0141947 0
-1.58668 -3.38358 -0.0145498 0
-1.58465 -3.16058 -0.0114733 0
-1.5864 -2.93684 -0.00922018 0
-1.58918 -2.71124 -0.00998491 0
-1.59039 -2.49025 -0.0126196 0
-1.58275 -2.26918 -0.0159083 0
-1.57427 -2.04627 -0.0135519 1
-1.57016 -1.82279 -0.0152935 1
-1.56256 -1.60212 -0.0160482 1
-1.53649 -1.37734 -0.0147821 1
-1.50511 -1.1566 -0.0146291 1
-1.48426 -0.934778 -0.0142626 1
-1.46286 -0.716926 -0.0154468 1
-1.44503 -0.494282 -0.0157338 1
-1.448 -0.267841 -0.0120939 1
-1.50601 -0.0598217 -0.0104024 1
-1.59771 0.0225608 -0.0252872 1
-1.59085 -0.0176021 0.319329 1
-1.84755 -0.0754037 -0.0671073 1
-2.06526 -0.0915031 -0.256098 1
-2.28624 -0.0977961 -0.529234 1
-2.51529 -0.0872668 0.116216 1
-2.7314 -0.0715436 0.0848262 1
-2.95343 -0.0380218 -0.00401876 1
-3.19095 0.0562822 -0.000590212 1
-3.37174 0.111053 0.0582612 1
-3.36418 0.0774267 -0.0201923 1
-3.33929 0.0512861 -0.0199143 1
-3.30349 0.0430453 -0.021951 1
-3.26958 0.0557581 -0.0254131 1
-3.24851 0.0849805 -0.0349439 1
-3.24759 0.123064 0.00752001 1
-3.26663 0.154463 -0.00605852 1
-3.29991 0.170024 -0.0122937 1
-3.33555 0.164871 -0.0143905 1
-3.36271 0.140471 -0.0196999 1
-3.37348 0.104457 -0.0553603 1
-3.36069 0.0709114 -0.00898887 1
-3.33327 0.0445044 -0.0141871 1
-3.33642 -0.194039 -0.0115215 1
-3.35142 -0.410323 -0.01376 0
-3.37019 -0.637532 -0.0134338 0
-3.38492 -0.860227 -0.0139592 0
-3.39374 -1.08079 -0.0126819 0
-3.40328 -1.30081 -0.0104406 0
-3.4045 -1.51946 -0.00829166 0
-3.40153 -1.74264 -0.00615964 0
-3.3948 -1.9664 -0.00541121 0
-3.39742 -2.19187 -0.0102704 0
-3.41259 -2.41108 -0.00838954 0
-3.42979 -2.63205 -0.00871804 0
-3.44213 -2.85428 -0.01003 2
-3.45757 -3.07839 -0.0112116 2
-3.47507 -3.29441 -0.00983547 2
-3.49109 -3.51713 -0.014603 2
-3.50048 -3.74757 -0.0138576 2
-3.5059 -3.96444 -0.0185379 2
-3.5122 -4.18465 -0.01563 3
-3.52669 -4.40178 -0.0175646 2
-3.60832 -4.5997 -0.0115658 2
-3.65891 -4.60998 -0.007929 2
-3.68489 -4.58154 -0.194596 2
-3.90962 -4.56417 0.341422 2
-4.07226 -4.61856 -0.0215696 2
-4.04394 -4.635 -0.0206336 2
-4.00673 -4.69194 -0.0241193 2
-3.88348 -4.84624 -0.0284744 2
-3.56629 -5.15358 -0.047231 2
-3.39337 -5.26119 -0.0996669 2
-3.40646 -5.30168 -0.0325898 2
-3.33818 -5.5464 -0.0245573 0
-3.37337 -5.8064 -0.0241655 0
-3.40476 -6.01674 -0.0233761 0
-3.41502 -6.24378 -0.0203756 0
-3.41455 -6.4653 -0.022222 0
-3.43317 -6.69075 -0.0212362 0
-3.45585 -6.90692 -0.0201122 0
-3.45368 -7.13189 -0.0236476 0
-3.44001 -7.37038 -0.0230733 0
-3.44364 -7.58182 -0.0204912 0
-3.47278 -7.7914 -0.02492 0
-3.49961 -8.00953 -0.024343 0
-3.51669 -8.23899 -0.0259759 0
-3.52901 -8.46225 -0.0275293 0
-3.53574 -8.67847 -0.0257273 0
-3.53821 -8.89613 -0.0261893 0
-3.53582 -9.12426 -0.0276353 0
-3.52863 -9.34009 -0.0257042 3
-3.51836 -9.5628 -0.0267213 3
-3.50132 -9.79003 -0.0255767 3
-3.48453 -10.0078 -0.0233064 3
-3.46886 -10.2374 -0.0233888 3
-3.45585 -10.4529 -0.0232666 3
-3.4415 -10.6756 -0.0209897 3
-3.4222 -10.8971 -0.0198112 3
-3.41147 -11.1183 -0.0175436 3
-3.40243 -11.3415 -0.0155771 0
-3.3962 -11.5596 -0.0180265 0
-3.39369 -11.7895 -0.0185426 0
-3.39886 -12.0076 -0.0173359 0
-3.40708 -12.2279 -0.0163417 0
-3.40876 -12.4534 -0.0151395 0
-3.40651 -12.6765 -0.0125778 0
-3.39861 -12.8894 -0.0144838 0
-3.3874 -13.1195 -0.0125497 0
-3.38325 -13.3402 -0.0125156 0
-3.37935 -13.5639 -0.0137137 0
-3.37813 -13.7871 -0.0156355 0
-3.37514 -14.0045 -0.0194008 0
-3.37335 -14.229 -0.0220779 2
-3.37 -14.4549 -0.0190047 2
-3.36803 -14.6793 -0.0208784 0
-3.38948 -14.8943 -0.0187438 0
-3.41764 -15.1161 -0.0197369 0
-3.44007 -15.338 -0.0145784 0
-3.45617 -15.5582 -0.0114006 0
-3.46679 -15.7783 -0.0128751 0
-3.47629 -15.9988 -0.013251 0
-3.48397 -16.2242 -0.00938936 0
-3.48266 -16.4446 -0.00551213 0
-3.47802 -16.6651 -0.00529841 0
-3.47024 -16.8881 -0.00479316 0
-3.47105 -17.1085 -0.0043041 0
-3.46834 -17.3287 -0.00476121 0
-3.45781 -17.5542 -0.00382524 0
-3.44314 -17.7768 -0.00284234 0
-3.43185 -17.9939 -0.00149865 0
-3.41765 -18.2206 0.00240802 0
-3.40699 -18.4444 -0.00352996 0
-3.40508 -18.6631 -0.00498323 0
-3.4003 -18.8835 -0.00602436 0
-3.40741 -19.1132 -0.00465444 0
-3.42107 -19.3316 -0.00316525 0
-3.42741 -19.5545 -0.00233553 0
-3.42608 -19.7752 -0.00420153 0
-3.42697 -19.994 -0.00333568 0
-3.43669 -20.2169 -0.00296579 0
-3.44835 -20.4432 -0.00425779 0
-3.45772 -20.6696 -0.00536265 0
-3.46604 -20.8837 -0.00401539 0
-3.47342 -21.1134 -0.00312619 0
-3.47556 -21.3344 -0.00394449 0
-3.47514 -21.5534 -0.00648774 0
-3.47724 -21.7814 -0.00978094 0
-3.49566 -22.0036 -0.00684169 0
-3.52029 -22.2281 -0.0136261 1
-3.53576 -22.448 -0.0131008 1
-3.54944 -22.6656 -0.011788 1
-3.562 -22.8857 -0.0120317 1
-3.56514 -23.1068 -0.00884836 1
-3.56709 -23.3343 -0.00910662 1
-3.56658 -23.542 -0.0104945 1
-3.6053 -23.5767 -0.00727464 2
-3.62733 -23.5474 0.00931177 1
-3.63265 -23.5119 -0.071664 1
-3.61249 -23.4798 -0.0102455 2
-3.58092 -23.4624 -0.0056642 1
-3.5449 -23.4652 -0.0033241 0
-3.54124 -23.1978 -0.00538875 0
-3.51579 -22.975 -0.00472576 0
-3.47048 -22.7544 -0.0127013 0
-3.44256 -22.5325 -0.01345 0
-3.43336 -22.3073 -0.0121656 0
-3.41765 -22.0887 -0.0141872 0
-3.39774 -21.8706 -0.0132458 0
-3.38555 -21.6474 -0.0149739 0
-3.37505 -21.4301 -0.015804 0
-3.37127 -21.2096 -0.0155954 0
-3.36518 -20.9792 -0.018948 0
-3.3627 -20.7537 -0.0198866 0
-3.3623 -20.5304 -0.0173147 0
-3.3558 -20.3102 -0.0172703 0
-3.35631 -20.0874 -0.0176549 0
-3.36038 -19.8656 -0.0147446 0
-3.36123 -19.641 -0.0145564 0
-3.35693 -19.4181 -0.0125544 0
-3.35819 -19.2 -0.0129019 0
-3.35733 -18.9722 -0.0143825 0
-3.35873 -18.7518 -0.0122763 0
-3.35967 -18.5283 -0.0137121 0
-3.35897 -18.3052 -0.0151694 0
-3.36186 -18.083 -0.0170041 0
-3.36872 -17.8526 -0.0181868 0
-3.37245 -17.6316 -0.0199077 0
-3.36866 -17.4087 -0.0195269 0
-3.35327 -17.1908 -0.0217191 0
-3.3383 -16.9686 -0.0231665 0
-3.32867 -16.7476 -0.021606 0
-3.32244 -16.5212 -0.019789 2
-3.31679 -16.3011 -0.0168338 2
-3.3174 -16.082 -0.0147902 2
-3.32476 -15.8611 -0.0148613 2
-3.33538 -15.6384 -0.014302 0
-3.35034 -15.42 -0.0115742 0
-3.36796 -15.1986 -0.0102695 0
-3.38157 -14.9702 -0.00752386 0
-3.3865 -14.7456 -0.00476758 0
-3.38527 -14.5228 -0.00530742 0
-3.39027 -14.304 -0.00531214 0
-3.39428 -14.0819 -0.00776642 0
-3.39211 -13.859 -0.00950096 0
-3.38627 -13.6403 -0.0108664 0
-3.37685 -13.4067 -0.0157946 0
-3.36883 -13.1907 -0.0157199 3
-3.35439 -12.9675 -0.017373 3
-3.33808 -12.7453 -0.0166893 3
-3.33233 -12.5241 -0.0169297 3
-3.32013 -12.3017 -0.0160396 3
-3.30988 -12.076 -0.0166787 3
-3.29941 -11.8508 -0.014147 3
-3.28767 -11.6205 -0.0129858 3
-3.27416 -11.4028 -0.0133406 3
-3.26778 -11.1797 -0.0128207 0
-3.26562 -10.9566 -0.0130964 0
-3.26686 -10.7366 -0.0146508 0
-3.26564 -10.5128 -0.0153177 0
-3.26135 -10.2862 -0.015665 0
-3.25954 -10.0754 -0.0139713 0
-3.25604 -9.84496 -0.0114817 0
-3.24934 -9.40418 -0.00973863 0
-3.24088 -9.18215 -0.00804891 0
-3.2273 -8.95877 -0.00920035 0
-3.21553 -8.73413 -0.0085806 0
-3.21064 -8.51557 -0.0100096 0
-3.20922 -8.29394 -0.0100356 0
-3.2109 -8.07514 -0.00947446 0
-3.21157 -7.85001 -0.00904277 0
-3.21024 -7.6239 -0.0097976 0
-3.2044 -7.39924 -0.00935889 0
-3.1881 -7.18167 -0.00822096 0
-3.17333 -6.95427 -0.00956161 0
-3.16414 -6.73288 -0.00991494 0
-3.16067 -6.51183 -0.0122879 3
-3.16066 -6.29064 -0.0114611 3
-3.16555 -6.07293 -0.00971966 3
-3.17297 -5.84506 -0.0120454 3
-3.18408 -5.6239 -0.0109334 3
-3.18367 -5.4019 -0.0114662 3
-3.13421 -5.28953 -0.00717436 3
-3.10563 -5.31257 0.00664079 2
-3.10201 -5.34361 -0.13187 2
-2.85639 -5.36146 -0.011942 2
-2.64298 -5.36307 -0.0306167 2
-2.44 -5.4204 -0.00404673 2
-2.23287 -5.43283 1.02737 0
-2.02209 -5.41327 0.0648032 0
-1.7827 -5.43068 -0.0699454 0
-1.57194 -5.43761 0.152157 0
-1.36913 -5.44315 -0.0893131 0
-1.18601 -5.40802 -0.0170287 0
-1.20172 -5.37428 -0.0182015 0
-1.23245 -5.36626 -0.0184517 0
-1.26597 -5.37956 -0.022658 0
-1.2859 -5.40548 -0.0379832 0
-1.52448 -5.41505 -0.299691 2
-1.72262 -5.40929 -0.252317 2
-1.93062 -5.40685 -0.591139 2
-2.13962 -5.40588 0.135927 3
-2.37457 -5.4044 -0.103271 3
-2.6146 -5.40101 0.601277 3
-2.82979 -5.38646 0.0269103 3
-3.05388 -5.34799 0.0136288 3
-3.25784 -5.29502 0.00382781 3
-3.29147 -5.24836 -0.0165381 3
-3.26036 -5.23605 -0.0118072 2
-3.23674 -4.99115 -0.010525 2
-3.22608 -4.72461 -0.0088883 0
-3.21555 -4.46552 -0.00867517 0
-3.20663 -4.21945 -0.00942399 0
-3.17772 -4.01246 -0.00571404 0
-3.14212 -3.79741 -0.00855485 0
-3.11483 -3.58126 -0.0101152 0
-3.09139 -3.35663 -0.010088 0
-3.05618 -3.13903 -0.00766347 0
-3.02269 -2.92212 -0.00671002 0
-2.99129 -2.69713 -0.00544289 0
-2.95857 -2.47854 -0.00696699 0
-2.92555 -2.25135 -0.00744607 0
-2.89696 -2.0361 -0.00757099 1
-2.87871 -1.81251 -0.00876705 1
-2.86201 -1.59279 -0.0108662 1
-2.84085 -1.37497 -0.0115677 1
-2.8214 -1.14939 -0.0112101 1
-2.80496 -0.924896 -0.00934864 1
-2.79156 -0.705585 -0.00791678 1
-2.79315 -0.499017 -0.00777474 1
-2.85672 -0.39097 -0.00916724 1
-2.93525 -0.37861 0.0032439 1
-3.18384 -0.345677 0.100342 1
-3.41726 -0.311842 -0.0335025 1
-3.62598 -0.262265 -0.0218615 1
-3.83965 -0.217754 -0.0181945 1
-4.06227 -0.186842 -0.0692028 1
-4.28215 -0.163516 0.00833261 1
-4.50193 -0.174377 0.0354581 1
-4.68812 -0.277971 0.00548003 1
-4.87375 -0.658299 0.00132121 0
