-0.231307 0.0446083 0.461909 2
-0.231307 0.0446083 0.380722 2
-0.231308 0.0446084 0.193267 1
-0.231309 0.0446085 0.035348 2
-0.231309 0.0446085 0.00664723 2
-0.231311 0.0446085 -0.00185357 1
-0.231312 0.0446084 -0.00695195 1
-0.231314 0.0446082 -0.0101117 1
-0.231316 0.044608 -0.0102912 1
-0.187101 0.0534064 -0.00516059 2
0.00401131 -0.0361166 -0.0090133 1
0.138953 -0.198668 -0.0031456 2
0.232857 -0.4119 -0.00500173 0
0.319936 -0.603512 -0.00821689 0
0.417968 -0.80427 -0.00707456 0
0.499132 -0.995048 -0.00474166 0
0.517584 -1.04716 -0.00983138 0
0.485552 -0.963786 -0.010497 0
0.405621 -0.776277 -0.00930491 0
0.321362 -0.59183 -0.00789261 0
0.401552 -0.84008 -0.00753036 0
0.487366 -1.10409 -0.00266334 0
0.564223 -1.33065 -0.00755829 0
0.640441 -1.51941 -0.00712122 0
0.545246 -1.24858 -0.0145723 0
0.484074 -1.02661 -0.0140912 0
0.531565 -1.25703 -0.0124436 0
0.578207 -1.45238 -0.0124181 0
0.525327 -1.21533 -0.0140495 0
0.474332 -0.999462 -0.0104398 0
0.425606 -0.79421 -0.00907491 0
0.42568 -0.793593 -0.010516 0
0.469899 -0.951798 -0.00877514 0
0.534728 -1.16306 -0.0123298 0
0.59836 -1.36419 -0.0136806 0
0.674784 -1.60211 -0.02051 0
0.71654 -1.83119 -0.0220184 0
0.68918 -2.0582 -0.0237756 0
0.686376 -2.2757 -0.0238966 0
0.756023 -2.52354 -0.0234837 0
0.856221 -2.75794 -0.0206937 0
0.774383 -2.41106 -0.0288728 0
0.673113 -2.15674 -0.0277332 0
0.553732 -1.88219 -0.0138791 0
0.447843 -1.64265 -0.00885229 0
0.365338 -1.45547 -0.00237955 0
0.419684 -1.68876 -0.00840496 0
0.454849 -1.90567 -0.00727301 0
0.478305 -2.12375 -0.0113057 0
0.488043 -2.35426 -0.0142825 0
0.462979 -2.57616 -0.0153305 0
0.44436 -2.79815 -0.0159112 0
0.443437 -3.01769 -0.014753 0
0.448529 -3.23708 -0.0130843 0
0.453979 -3.4589 -0.0118941 0
0.462628 -3.68025 -0.0109469 0
0.475354 -3.89824 -0.0127304 0
0.493023 -4.12577 -0.0130108 0
0.502819 -4.3513 -0.0136822 0
0.498131 -4.57348 -0.0144947 0
0.49395 -4.79397 -0.0113983 0
0.49346 -5.01238 -0.00926374 0
0.497138 -5.23538 -0.00974135 0
0.503089 -5.46181 -0.0109406 0
0.492591 -5.69413 -0.0117374 0
0.461848 -5.90072 -0.0136392 0
0.431874 -6.12446 -0.0149168 0
0.405791 -6.34606 -0.0143933 0
0.383683 -6.56303 -0.0123865 0
0.365339 -6.78542 -0.0115622 0
0.349994 -7.00765 -0.00990468 0
0.337659 -7.23293 -0.0105287 0
0.330403 -7.44942 -0.0118225 0
0.325791 -7.6721 -0.0121634 0
0.322807 -7.89283 -0.0148151 0
0.317323 -8.11622 -0.0146513 0
0.312304 -8.34137 -0.0145552 0
0.30139 -8.5719 -0.015303 0
0.284537 -8.79461 -0.01293 0
0.266944 -9.01453 -0.0149197 0
0.25135 -9.23456 -0.0146843 2
0.226309 -9.4613 -0.0147753 2
0.196845 -9.67733 -0.0177397 2
0.175001 -9.89461 -0.0172509 2
0.153775 -10.1193 -0.0160923 2
0.138006 -10.3417 -0.0166402 2
0.124277 -10.5642 -0.0166712 2
0.114078 -10.7866 -0.0174414 2
0.1065 -11.0029 -0.0168713 0
0.102228 -11.2259 -0.0177105 0
0.0856597 -11.4581 -0.0168955 0
0.0400573 -11.6721 -0.0198403 0
-0.00608975 -11.8822 -0.0186144 0
-0.0500697 -12.1057 -0.0179227 0
-0.0901203 -12.3252 -0.0197 0
-0.125214 -12.5403 -0.0186274 0
-0.158213 -12.756 -0.0173854 0
-0.18858 -12.9769 -0.0136655 0
-0.216228 -13.2032 -0.0122269 0
-0.238971 -13.4237 -0.0117464 0
-0.258673 -13.6423 -0.0129721 0
-0.273528 -13.8573 -0.0134279 0
-0.28905 -14.0843 -0.0129099 0
-0.300867 -14.3029 -0.0129755 0
-0.315557 -14.5298 -0.0131024 0
-0.343173 -14.7528 -0.0167925 0
-0.389382 -14.968 -0.0148413 0
-0.438584 -15.1871 -0.0129185 0
-0.482857 -15.4043 -0.0107091 0
-0.524939 -15.6208 -0.0125775 0
-0.560562 -15.8346 -0.0100163 0
-0.598046 -16.061 -0.0126608 0
-0.632613 -16.2825 -0.0129172 0
-0.667851 -16.503 -0.0128 0
-0.706621 -16.7215 -0.0126263 0
-0.744803 -16.9358 -0.0122169 0
-0.783774 -17.1581 -0.0153547 0
-0.83807 -17.3744 -0.0154334 0
-0.904155 -17.5852 -0.0110001 0
-0.963164 -17.7975 -0.0120059 0
-1.02305 -18.015 -0.0132462 0
-1.08068 -18.2275 -0.0113649 0
-1.13477 -18.4418 -0.0116471 0
-1.1863 -18.6558 -0.0148496 0
-1.23861 -18.8746 -0.0125241 0
-1.29541 -19.0907 -0.0120688 0
-1.34974 -19.307 -0.0110721 0
-1.40724 -19.5243 -0.0117894 0
-1.46764 -19.7327 -0.0144133 0
-1.52633 -19.9447 -0.0142084 0
-1.5831 -20.1604 -0.0167615 0
-1.64615 -20.3803 -0.0187875 0
-1.72219 -20.5947 -0.0186726 0
-1.79992 -20.798 -0.0175062 0
-1.877 -21.0059 -0.0169754 0
-1.94879 -21.2164 -0.0179418 0
-2.01768 -21.4287 -0.0193735 0
-2.08061 -21.636 -0.0194128 1
-2.1415 -21.8475 -0.0185596 1
-2.20255 -22.0699 -0.0172078 1
-2.26913 -22.2825 -0.015447 1
-2.34045 -22.4897 -0.0144345 1
-2.40569 -22.7045 -0.0169347 1
-2.4725 -22.9194 -0.0133897 1
-2.55539 -23.1197 -0.0122391 1
-2.64852 -23.3286 -0.0116967 1
-2.7337 -23.5329 -0.0157639 1
-2.8263 -23.7252 -0.0150633 1
-2.89477 -23.7807 -0.00644579 1
-2.90132 -23.7449 -0.105753 1
-2.88876 -23.7083 -0.021673 1
-2.85938 -23.6881 -0.0106237 1
-2.82451 -23.6817 -0.00982992 1
-2.81609 -23.6887 -0.00953247 1
-2.75329 -23.4709 -0.0163524 1
-2.67341 -23.2642 -0.0155112 0
-2.58689 -23.0634 -0.0164322 0
-2.49186 -22.8584 -0.0181892 0
-2.37904 -22.6696 -0.0178595 0
-2.26376 -22.482 -0.0143592 0
-2.15139 -22.2852 -0.0131223 0
-2.04972 -22.0961 -0.0100279 0
-1.94534 -21.8932 -0.012699 0
-1.84831 -21.6951 -0.0110334 0
-1.75322 -21.4958 -0.00688155 0
-1.66213 -21.2948 -0.0127029 0
-1.56662 -21.0893 -0.00832598 0
-1.45617 -20.898 -0.00615969 0
-1.34117 -20.7112 -0.0086153 0
-1.22891 -20.5182 -0.0038321 0
-1.1257 -20.3292 -0.00461917 0
-1.02018 -20.1305 -0.00490428 0
-0.920691 -19.9331 -0.00707436 0
-0.822337 -19.7291 -0.00943718 0
-0.731005 -19.5329 -0.0100412 0
-0.639225 -19.3296 -0.00848283 0
-0.550175 -19.127 -0.00724183 0
-0.464134 -18.9214 -0.0050836 0
-0.374109 -18.7183 -0.00356691 0
-0.2747 -18.5202 -0.00640621 0
-0.175021 -18.3201 -0.00894892 0
-0.0733154 -18.1165 -0.00908655 0
0.0281321 -17.9207 -0.00763435 0
0.125535 -17.7298 -0.00607721 0
0.231242 -17.527 -0.00642 0
0.343336 -17.3303 -0.00269482 0
0.461652 -17.1483 -0.00410098 0
0.583943 -16.9549 -0.00860357 0
0.698573 -16.7697 -0.00797089 0
0.81507 -16.5761 -0.0111414 0
0.925667 -16.3878 -0.0111945 0
1.03363 -16.196 -0.00787903 0
1.14058 -16.0004 -0.00839644 0
1.24367 -15.8052 -0.00995765 0
1.34589 -15.6018 -0.0135034 0
1.44798 -15.4084 -0.0137508 0
1.55954 -15.2126 -0.0139648 0
1.66242 -15.0233 -0.0130529 0
1.76612 -14.8255 -0.0141782 0
1.87402 -14.6277 -0.0133893 0
1.98636 -14.4355 -0.0127993 0
2.09868 -14.2395 -0.0101287 0
2.21206 -14.0529 -0.00960553 2
2.33526 -13.8701 -0.00690876 2
2.46437 -13.6879 -0.00749011 2
2.59076 -13.5043 -0.0117261 2
2.71179 -13.3226 -0.0128273 2
2.83499 -13.1304 -0.0109224 2
2.94962 -12.9421 -0.0090716 2
3.06297 -12.7502 -0.00788109 2
3.17172 -12.5627 -0.00734574 2
3.28424 -12.3673 -0.00626659 0
3.40539 -12.1774 -0.00980585 0
3.53232 -11.997 -0.0141468 0
3.65802 -11.8127 -0.0134286 0
3.77863 -11.631 -0.0158143 0
3.90733 -11.4419 -0.0129986 0
4.03317 -11.2561 -0.0138185 0
4.19966 -11.0108 -0.0128644 0
4.45501 -10.6401 -0.0134497 0
4.58305 -10.4574 -0.0158142 0
4.71245 -10.2727 -0.0205747 0
4.84109 -10.0894 -0.0241292 0
4.97072 -9.90884 -0.0270745 0
5.10249 -9.7242 -0.0207644 0
5.23538 -9.53989 -0.0194529 0
5.36681 -9.35775 -0.0198124 0
5.49502 -9.18021 -0.0203958 0
5.62815 -8.99818 -0.0240354 0
5.76136 -8.8188 -0.0267438 0
5.89353 -8.63956 -0.0285556 0
6.02883 -8.46001 -0.0374052 0
6.1635 -8.28183 -0.0388493 0
6.3023 -8.09949 -0.0358744 0
6.43753 -7.9233 -0.0347028 0
6.57408 -7.747 -0.0326362 0
6.71256 -7.56594 -0.0321694 0
6.8485 -7.39375 -0.0358194 0
6.99481 -7.22178 -0.0394114 0
7.15131 -7.0546 -0.0433463 0
7.30682 -6.89483 -0.0421986 0
7.45711 -6.73536 -0.0361253 0
7.60591 -6.57414 -0.0370928 0
7.75361 -6.40708 -0.0298187 0
7.90317 -6.23792 -0.0358707 0
8.05031 -6.07168 -0.0280881 0
8.1967 -5.90639 -0.0278669 0
8.3486 -5.73531 -0.0190742 0
8.49873 -5.56657 -0.0165545 0
8.64656 -5.40072 -0.01523 0
8.79517 -5.23617 -0.0130527 1
8.94579 -5.06781 -0.0162957 1
9.09907 -4.8969 -0.00592735 1
9.24932 -4.72764 -0.0065156 1
9.39168 -4.56436 -0.00696176 1
9.53172 -4.39554 -0.00964526 1
9.67191 -4.22071 -0.00727642 1
9.8063 -4.0481 -0.0144949 1
9.93581 -3.87039 -0.0159547 1
10.0184 -3.693 -0.0127619 1
9.99051 -3.51696 -0.0125408 2
9.836 -3.29172 -0.00951918 1
9.69439 -3.11535 -0.0126602 1
9.56681 -2.94436 -0.0168694 1
9.42848 -2.77894 -0.0117784 1
9.24964 -2.6461 -0.00428197 1
9.06018 -2.58057 0.0168187 1
8.91998 -2.61374 -0.0220242 1
8.72533 -2.74892 -0.023384 0
8.54803 -2.88444 -0.0184278 0
8.3737 -3.02083 -0.0209172 0
8.20338 -3.16204 -0.0189161 0
8.04039 -3.31039 -0.0193706 0
7.88034 -3.4633 -0.0216288 0
7.7179 -3.62062 -0.0214409 0
7.56105 -3.78168 -0.017167 0
7.41177 -3.93727 -0.0246916 0
7.26125 -4.10187 -0.0283678 0
7.11335 -4.26919 -0.0271767 0
6.96027 -4.43509 -0.0222703 0
6.8063 -4.5921 -0.0245215 0
6.65072 -4.746 -0.0245161 0
6.48707 -4.90468 -0.0204453 0
6.3323 -5.06204 -0.0197711 2
6.17037 -5.21908 -0.0220236 2
6.0114 -5.3685 -0.0271424 2
5.85338 -5.52217 -0.0277932 0
5.69335 -5.67897 -0.0180031 0
5.53299 -5.8375 -0.0181348 0
5.36068 -5.98294 -0.0236033 0
5.18674 -6.1067 -0.0257982 0
5.00424 -6.2391 -0.01969 0
4.82824 -6.37218 -0.0196918 0
4.65519 -6.50821 -0.014026 0
4.48249 -6.64746 -0.0130423 0
4.31334 -6.79057 -0.0156478 0
4.14123 -6.93596 -0.0172464 0
3.97374 -7.08164 -0.0182563 0
3.80398 -7.22591 -0.0246921 0
3.63539 -7.36436 -0.0180925 0
3.46726 -7.50719 -0.019843 0
3.29805 -7.65395 -0.0190318 0
3.12238 -7.7938 -0.0166342 0
2.94713 -7.93173 -0.0204781 0
2.77834 -8.06591 -0.0173371 0
2.60003 -8.21164 -0.0155028 0
2.42754 -8.35256 -0.0143051 0
2.24835 -8.48803 -0.0183436 0
2.07121 -8.6123 -0.0174232 3
1.88855 -8.74726 -0.0112207 3
1.71225 -8.88123 -0.0150789 3
1.52933 -9.01355 -0.0166013 3
1.36355 -9.13423 -0.0216289 3
1.18679 -9.27711 -0.0215172 3
1.00962 -9.41499 -0.0247292 3
0.809696 -9.57658 -0.0183765 3
0.597178 -9.72335 -0.0273987 3
0.406903 -9.82021 -0.0350264 3
0.20579 -9.92756 -0.0224716 0
0.0150136 -10.0351 -0.0126032 0
-0.17575 -10.148 -0.00988262 0
-0.359983 -10.2623 -0.000119976 0
-0.551658 -10.3849 -0.00727205 0
-0.737517 -10.5075 -0.00961437 0
-0.924088 -10.6348 -0.00453695 0
-1.10842 -10.7565 -0.00659063 0
-1.29445 -10.8743 -0.00620051 0
-1.48058 -10.9972 -0.00184887 0
-1.66772 -11.1194 0.0030774 2
-1.8488 -11.2409 0.0174554 2
-2.03178 -11.364 0.0238969 2
-2.22594 -11.4881 0.0234069 2
-2.41311 -11.6094 0.0171123 0
-2.5953 -11.7292 0.0113228 0
-2.77946 -11.8548 0.00876891 0
-2.9661 -11.9813 0.0182774 0
-3.1564 -12.0885 0.0175016 0
-3.3568 -12.1916 0.0145156 0
-3.55653 -12.2963 0.0132298 0
-3.75378 -12.3837 0.0082257 0
-3.95561 -12.4724 0.00970019 0
-4.15856 -12.5646 0.0088626 0
-4.35998 -12.6605 0.0175734 0
-4.55492 -12.7577 0.0210809 0
-4.75333 -12.8607 0.0164314 0
-4.94909 -12.9664 0.0088375 0
-5.14361 -13.0755 0.00841504 0
-5.33535 -13.1852 0.000523644 0
-5.5337 -13.2918 -0.0027367 0
-5.73537 -13.3829 -0.0117497 0
-5.93814 -13.4754 -0.0115064 0
-6.13893 -13.5724 -0.00974921 0
-6.33372 -13.671 -0.0151443 0
-6.5333 -13.7778 -0.0240681 0
-6.72507 -13.8817 -0.0272346 0
-6.91971 -13.9908 -0.019161 0
-7.1074 -14.0975 -0.0166334 0
-7.30999 -14.2109 0.00485213 0
-7.50634 -14.319 0.00531591 0
-7.69841 -14.4259 0.00512967 0
-7.89308 -14.5365 0.0023285 0
-8.08299 -14.6444 -0.000175131 0
-8.28213 -14.7508 0.00334849 0
-8.48956 -14.8424 0.0105251 0
-8.89306 -15.0223 0.0136165 0
-9.09227 -15.1166 0.00722454 1
-9.29291 -15.2168 0.00579893 1
-9.48747 -15.3187 0.0121631 1
-9.68535 -15.4219 0.0107727 1
-9.88508 -15.5263 0.0159584 1
-10.0891 -15.6338 0.0167709 1
-10.2846 -15.7359 0.0233202 1
-10.4661 -15.8359 0.0315289 1
-10.5271 -15.8314 -0.409675 1
-10.5122 -15.7962 -0.0328828 1
-10.4824 -15.7751 -0.0196175 1
-10.4459 -15.7728 -0.0196768 1
-10.4145 -15.7902 -0.0180713 1
-10.1986 -15.7053 -0.0309043 0
-9.99462 -15.6042 -0.037574 0
-9.79228 -15.511 -0.041081 0
-9.58784 -15.4265 -0.0539256 0
-9.38621 -15.341 -0.0424303 0
-9.18238 -15.2504 -0.0409467 0
-8.97544 -15.1566 -0.0498495 0
-8.7662 -15.0769 -0.0620371 0
-8.55851 -15.0027 -0.076283 0
-8.35469 -14.9249 -0.0741498 0
-8.14213 -14.8491 -0.0656323 0
-7.92758 -14.7792 -0.0401211 0
-7.72205 -14.7132 -0.0449862 0
-7.51441 -14.6394 -0.0439895 0
-7.29604 -14.5573 -0.0571301 0
-7.08726 -14.4799 -0.0629651 0
-6.88414 -14.406 -0.0393282 0
-6.67607 -14.3258 -0.0492692 0
-6.46702 -14.2437 -0.0452859 0
-6.2561 -14.1606 -0.0548713 0
-6.04601 -14.0784 -0.0481201 0
-5.8382 -13.9958 -0.0537758 0
-5.63503 -13.917 -0.0510466 0
-5.42764 -13.8296 -0.0412182 0
-5.22423 -13.7422 -0.0314901 0
-5.01654 -13.6569 -0.052888 0
-4.81117 -13.5742 -0.0503879 0
-4.59499 -13.4988 -0.0336414 0
-4.38252 -13.4271 -0.0213748 0
-4.17481 -13.3541 -0.0309793 0
-3.96217 -13.2837 -0.0457941 0
-3.75298 -13.2227 -0.0711106 2
-3.53905 -13.1583 -0.0579028 2
-3.32659 -13.0892 -0.0536718 2
-3.11272 -13.0162 -0.0570209 0
-2.90986 -12.9463 -0.0698258 0
-2.69015 -12.879 -0.0608132 0
-2.474 -12.8227 -0.0782679 0
-2.25783 -12.7729 -0.0707295 0
-2.04546 -12.7201 -0.0814734 0
-1.83103 -12.6631 -0.0925005 0
-1.61065 -12.6034 -0.0798486 0
-1.39566 -12.5416 -0.078443 0
-1.18712 -12.4802 -0.0834163 0
-0.975364 -12.4132 -0.0763622 0
-0.763086 -12.3432 -0.0853945 0
-0.546286 -12.2788 -0.0761985 0
-0.333329 -12.2199 -0.0818122 3
-0.11921 -12.1567 -0.078745 3
0.0901783 -12.0944 -0.0793494 3
0.310754 -12.0349 -0.100995 3
0.521185 -11.9768 -0.0912649 3
0.736617 -11.9181 -0.101858 3
0.954951 -11.8706 -0.121305 3
1.17243 -11.8198 -0.123995 3
1.39104 -11.7636 -0.100542 3
1.60467 -11.7066 -0.108853 3
1.82387 -11.6575 -0.13074 0
2.0367 -11.6301 -0.182404 0
2.25802 -11.6011 -0.176135 0
2.48012 -11.568 -0.121698 0
2.70431 -11.53 -0.120002 0
2.91411 -11.4914 -0.110049 0
3.13422 -11.4477 -0.0969184 0
3.35144 -11.4009 -0.0432432 0
3.57301 -11.3525 -0.0567946 0
3.79228 -11.3177 -0.0905117 0
4.01072 -11.2974 -0.0129301 0
4.2378 -11.274 -0.0266027 0
4.4571 -11.2464 0.00850318 0
4.67559 -11.2148 0.0180366 0
4.89597 -11.1792 0.0361539 0
5.11337 -11.1402 0.0331456 0
5.33239 -11.098 -0.00378835 0
5.62201 -11.0393 -0.0151676 0
5.83986 -10.9929 -5.2386e-05 0
6.05759 -10.9449 -0.0164021 2
6.28533 -10.9032 0.000968023 2
6.50937 -10.8807 -0.0213036 2
6.72603 -10.8618 -0.0671468 0
6.93985 -10.839 -0.059692 0
7.16668 -10.8116 -0.0115251 0
7.38406 -10.7817 -0.0171985 0
7.60382 -10.7481 -0.0188858 0
7.828 -10.711 -0.0777476 0
8.03909 -10.6737 -0.10758 0
8.2665 -10.6346 -0.0865559 0
8.48553 -10.6024 -0.0233988 0
8.70933 -10.5769 -0.0215446 0
8.92742 -10.559 -0.0290575 0
9.1518 -10.5409 -0.0300311 0
9.37395 -10.5192 -0.0190334 0
9.59615 -10.4949 -0.0302678 0
9.8204 -10.4705 -0.00428801 0
10.0405 -10.4517 -0.00586787 0
10.2614 -10.4436 -0.0460538 0
10.4842 -10.4354 -0.0871555 1
10.7074 -10.4241 -0.0517157 1
10.9281 -10.4181 -0.17968 1
11.1539 -10.4336 0.0526369 1
11.3756 -10.4562 0.02073 1
11.5978 -10.4722 -0.0366839 1
11.8161 -10.4873 -0.0596948 1
12.0389 -10.4998 -0.129684 1
12.2652 -10.4942 -0.0297467 1
12.4732 -10.437 -0.00280198 1
12.5547 -10.3446 -0.0033938 1
12.5145 -10.3517 -0.0120671 1
12.447 -10.097 -0.0134317 1
12.4395 -9.87865 -0.0131142 1
12.441 -9.65768 -0.0121113 1
12.4652 -9.42964 -0.0147092 1
12.4949 -9.21501 -0.0136538 1
12.5449 -8.99627 -0.0137156 1
12.6619 -8.76921 -0.0163218 1
12.7348 -8.59553 -0.0171447 1
12.7011 -8.60239 -0.0208157 1
12.6748 -8.62689 -0.0218805 1
12.6665 -8.66256 0.0925396 1
12.6797 -8.69646 -0.00407325 1
12.7096 -8.71718 -0.0110472 1
12.7478 -8.71702 -0.010743 1
12.7776 -8.69593 -0.0132872 1
12.7904 -8.66177 0.0225517 1
12.782 -8.62651 -0.0293494 1
12.7547 -8.60183 -0.0232268 1
12.7176 -8.5949 -0.0188539 1
12.6863 -8.61244 -0.0278994 1
12.6639 -8.64309 -0.0729912 1
12.4268 -8.67518 0.0238469 0
12.2105 -8.68259 0.324159 0
11.9824 -8.68441 0.852561 0
11.7592 -8.68776 0.687695 0
11.5385 -8.69422 0.269485 0
11.3183 -8.7007 0.380194 0
11.0999 -8.71082 0.267684 0
10.8771 -8.72369 0.105051 0
10.6537 -8.73848 0.104541 0
10.4282 -8.74197 1.23039 0
10.2089 -8.72899 -0.237406 0
9.98758 -8.71418 -0.224825 0
9.76516 -8.70179 -0.208399 0
9.54121 -8.68369 -0.129135 2
9.32552 -8.66161 -0.0459777 2
9.10316 -8.64211 -0.1157 2
8.87319 -8.62576 -0.152783 2
8.65674 -8.61312 -0.171024 2
8.43686 -8.59894 0.00805533 3
8.22052 -8.57602 -0.1413 2
8.02691 -8.48474 -0.0260556 2
8.02053 -8.43374 -0.0217812 2
8.05078 -8.40963 -0.0143813 2
8.07754 -8.18542 -0.0136471 2
8.03133 -8.02108 -0.0164565 2
8.01444 -8.04891 -0.0211786 2
7.95732 -8.08621 -0.0473332 2
7.80442 -8.21135 -0.0143789 2
7.65215 -8.37013 -0.0109439 2
7.49793 -8.52841 -0.00715579 2
7.38961 -8.70022 -0.00409544 2
7.34872 -8.68756 0.00858213 2
7.10183 -8.74856 0.00420016 0
6.84441 -8.69608 -0.0383777 0
6.63699 -8.64861 -0.0329036 0
6.41141 -8.62145 -0.0497577 0
6.19048 -8.60135 -0.0496944 0
5.96746 -8.56138 -0.0144314 0
5.7549 -8.51635 0.0248206 0
5.53049 -8.49876 0.0376852 0
5.29206 -8.48455 -0.0397944 0
5.08258 -8.45523 0.000124123 0
4.87835 -8.40024 0.00225031 0
4.66485 -8.34759 -0.0189677 0
4.43936 -8.30056 -0.0417514 0
4.21994 -8.25774 -0.0316764 0
4.00682 -8.22128 -0.0510555 0
3.79138 -8.18915 -0.0889183 0
3.56524 -8.15927 -0.0398117 0
3.3507 -8.13568 0.00408768 3
3.12855 -8.1149 0.0033293 3
2.90132 -8.09807 -0.0246884 3
2.68345 -8.08209 -0.0718585 3
2.45432 -8.05791 -0.0584783 3
2.23927 -8.03679 -0.0418155 3
2.01704 -8.01785 -0.0740326 3
1.79533 -8.00097 -0.0848239 3
1.57538 -7.97518 0.000256743 3
1.35365 -7.9473 -0.00295091 0
1.13761 -7.91525 -0.0993585 0
0.910675 -7.87757 -0.0825768 0
0.697344 -7.83202 -0.060368 0
0.482118 -7.78357 -0.0521389 0
0.260798 -7.73965 -0.0755931 0
0.0409677 -7.70073 -0.110973 0
-0.169746 -7.66692 -0.128106 0
-0.397931 -7.63317 -0.0884878 0
-0.615284 -7.59319 -0.0632422 0
-0.835576 -7.55275 -0.0970978 0
-1.2677 -7.46522 -0.142325 0
-1.48834 -7.4214 -0.15604 0
-1.7103 -7.37811 -0.130445 2
-1.92958 -7.32881 -0.11123 2
-2.13428 -7.25962 -0.0604827 0
-2.34426 -7.18223 -0.0550909 0
-2.55591 -7.1113 -0.0717169 0
-2.76654 -7.04537 -0.0676396 0
-2.9784 -6.98379 -0.0922784 0
-3.19073 -6.92381 -0.127789 0
-3.40831 -6.86428 -0.114658 0
-3.62207 -6.81086 -0.0874292 0
-3.83704 -6.76054 -0.0856004 0
-4.05496 -6.71189 -0.105415 0
-4.26813 -6.65569 -0.111884 0
-4.48174 -6.60226 -0.0990283 0
-4.70219 -6.55272 -0.115048 0
-4.92031 -6.506 -0.103964 0
-5.13277 -6.45977 -0.114265 0
-5.35463 -6.41145 -0.0704695 0
-5.57169 -6.35554 -0.0951634 0
-5.78162 -6.29413 -0.100031 0
-5.99325 -6.23212 -0.0878952 0
-6.21003 -6.15567 -0.067372 0
-6.4138 -6.07587 -0.0512435 0
-6.6234 -5.99962 -0.0510439 0
-6.83236 -5.9288 -0.055054 0
-7.03888 -5.85681 -0.0359413 0
-7.24603 -5.77388 -0.0228823 0
-7.45634 -5.68886 -0.0212143 0
-7.66686 -5.60541 -0.0153476 0
-7.86494 -5.52402 -0.00222921 0
-8.07807 -5.43779 -0.00488246 0
-8.28416 -5.35823 -0.0137406 0
-8.48952 -5.28265 -0.035681 0
-8.70204 -5.2 -0.0438485 0
-8.90213 -5.10136 -0.023181 0
-9.10319 -4.99858 -0.0433324 0
-9.30257 -4.90429 -0.0472476 1
-9.50088 -4.8132 -0.0385194 1
-9.70202 -4.7229 -0.0471114 1
-9.90633 -4.6387 -0.0333066 1
-10.118 -4.55487 -0.0225195 1
-10.312 -4.48058 -0.0201861 1
-10.3303 -4.43164 -0.0117912 2
-10.2947 -4.42338 -0.00202401 1
-10.2598 -4.43262 0.00424586 1
-10.2381 -4.46367 0.00452135 2
-10.2347 -4.49992 -0.0211339 0
-10.2513 -4.53223 -0.00773384 0
-10.0047 -4.63617 -0.019527 0
-9.80892 -4.74567 -0.0145834 0
-9.62368 -4.87382 -0.0388428 0
-9.42854 -4.98303 -0.0195777 0
-9.22405 -5.07762 -0.0184766 0
-9.02884 -5.17726 -0.0231232 0
-8.83601 -5.28132 -0.0146825 0
-8.63612 -5.38131 -0.0156958 0
-8.44041 -5.47643 -0.0223952 0
-8.24015 -5.56897 -0.0192456 0
-8.03064 -5.66499 -0.0420095 0
-7.82543 -5.75849 -0.0410921 0
-7.62214 -5.85063 -0.0388517 0
-7.42288 -5.94487 -0.0500833 0
-7.21952 -6.03599 -0.0351176 0
-7.01577 -6.12389 -0.0270377 0
-6.81073 -6.21543 -0.0237615 0
-6.60948 -6.31129 -0.017892 0
-6.41101 -6.40182 -0.00643996 0
-6.2048 -6.49874 -0.00579142 0
-6.00527 -6.59207 0.00536076 0
-5.8023 -6.68577 0.0145111 0
-5.60106 -6.78222 -0.00498852 0
-5.40026 -6.87749 -0.00952041 0
-5.19091 -6.97391 -0.00202762 0
-4.99163 -7.06921 -0.00982426 0
-4.79499 -7.17465 -0.00424918 0
-4.60904 -7.28883 -0.00695733 0
-4.41867 -7.40461 -0.0198358 0
-4.22723 -7.51599 -0.00471191 0
-4.03035 -7.62825 0.00147433 2
-3.83858 -7.7362 -0.0101267 2
-3.64555 -7.84059 -0.00225278 2
-3.44907 -7.94255 0.000438268 2
-3.24972 -8.04262 -0.00498658 0
-3.05263 -8.13828 -0.00279087 0
-2.85184 -8.23358 0.0047121 0
-2.64679 -8.3359 0.00326877 0
-2.45156 -8.44678 0.00961742 0
-2.26014 -8.56119 0.00610253 0
-2.07124 -8.67157 0.01059 0
-1.69323 -8.90663 -0.010302 0
-1.51124 -9.02793 -0.0269922 0
-1.31724 -9.15918 -0.0227187 0
-1.14127 -9.28437 -0.0120945 0
-0.961265 -9.41717 -0.00582261 3
-0.782117 -9.54981 -0.0166223 3
-0.601972 -9.67782 -0.0193182 3
-0.421511 -9.80874 -0.00836646 3
-0.238578 -9.9412 -0.00154541 3
-0.0563753 -10.0741 0.00044225 3
0.128926 -10.2112 0.00473157 3
0.303494 -10.3423 0.00412688 3
0.484017 -10.473 0.0028184 3
0.667154 -10.6006 0.00732639 0
0.849808 -10.7237 0.00642688 0
1.03503 -10.8495 0.00525565 0
1.2189 -10.9822 0.00139073 0
1.39042 -11.1051 0.00501315 0
1.57917 -11.2375 0.00982809 0
1.76074 -11.3659 0.00608677 0
1.93718 -11.4952 0.00781782 0
2.11436 -11.6294 0.00543904 0
2.28986 -11.7682 0.00858997 0
2.46734 -11.9064 0.0117573 0
2.64229 -12.0378 0.0113153 0
2.82176 -12.168 0.00837954 0
3.00043 -12.2943 0.00930181 0
3.18392 -12.4249 0.0011027 0
3.36704 -12.5577 -0.00312408 0
3.5463 -12.6936 -0.00528228 0
3.71333 -12.834 -0.00223893 0
3.88898 -12.9791 -0.00160159 0
4.06265 -13.117 -0.0100479 0
4.23812 -13.2515 -0.0114263 3
4.41577 -13.3832 -0.0131071 3
4.59321 -13.5096 -0.0021381 3
4.78054 -13.6397 -0.00744197 3
4.96444 -13.7632 -0.00279522 3
5.14191 -13.8968 -0.0055537 3
5.19977 -14.0047 -0.0139615 3
5.16389 -14.0124 -0.00917675 3
5.13794 -13.9954 -0.0011103 2
4.9702 -14.1769 -0.0118432 2
4.81778 -14.327 -0.0129479 2
4.63308 -14.4289 -0.0150886 2
4.47824 -14.5666 -0.00676901 0
4.35164 -14.7365 -0.00785313 0
4.17464 -14.8993 -0.0139662 0
4.02341 -15.0464 -0.0186362 0
3.87935 -15.1893 -0.0144035 0
3.77676 -15.345 -0.0199803 0
3.81211 -15.3564 -0.0226383 0
3.83817 -15.3387 -0.029608 0
3.85031 -15.3045 -0.305364 0
3.84294 -15.2726 0.00699318 0
3.98196 -15.0782 0.00287803 2
4.11091 -14.9281 -0.00321144 2
4.24458 -14.7686 -0.00309224 2
4.37708 -14.6071 -0.00894673 3
4.52591 -14.4249 -0.00950504 3
4.68196 -14.2421 -0.0120098 3
4.83247 -14.0873 -0.0115726 3
5.00716 -13.9417 -0.0133627 3
5.18136 -13.8231 -0.0127764 3
5.23823 -13.8288 -0.273764 3
5.22642 -13.86 -0.0202096 2
5.39295 -14.0422 -0.0176559 2
5.58148 -14.2311 -0.00747229 0
5.76453 -14.4148 -0.000170719 0
5.93589 -14.5917 -0.00202481 0
6.06571 -14.7555 0.00725937 0
6.19538 -14.9309 0.000654504 0
6.33062 -15.1019 0.0132138 0
6.46938 -15.2803 0.0129741 0
6.5936 -15.4628 0.00972629 0
6.71771 -15.6439 0.00250808 0
6.8477 -15.8303 0.00209572 0
6.9712 -16.0133 6.64974e-05 0
7.09859 -16.2042 -0.00238394 0
7.22288 -16.3824 0.00376342 1
7.35835 -16.5611 0.000132047 1
7.48824 -16.7391 -0.00517652 1
7.6145 -16.9181 -0.00405668 1
7.74669 -17.1022 -0.0055705 1
7.87884 -17.2842 -0.0049928 1
8.00892 -17.4611 0.000435604 1
8.14065 -17.6199 0.00106143 1
8.25778 -17.6634 0.0219703 1
8.32522 -17.6205 -0.0548869 1
8.534 -17.4812 -0.0392019 1
8.73706 -17.3611 -0.0197757 1
8.93255 -17.2733 -0.0220091 1
9.12886 -17.1779 -0.0225384 1
9.32491 -17.0677 -0.0136057 1
9.51608 -16.9568 -0.0280812 1
9.68683 -16.8179 -0.0136673 1
9.77905 -16.626 -0.0102767 1
9.71491 -16.2071 -0.0110915 0
