0 0 0.964822526387 -1.77235022803e-16 0
0.964822526387 -1.77235022803e-16 2.24220885997 -4.11887085507e-16 0
2.19220885997 -4.11887085507e-16 1.72359549384 -2.6841562079e-16 0
1.67359549384 -2.6841562079e-16 7.63648680805 -2.82426813735e-15 0
7.63648680805 -2.82426813735e-15 8.30798589966 -3.11209036196e-15 0
8.30798589966 -3.11209036196e-15 9.85817441768 -3.7765420543e-15 2
9.85817441768 -3.7765420543e-15 20.4713681161 -8.32563684634e-15 0
20.4713681161 -8.32563684634e-15 22.4075864389 -9.15555109635e-15 1
22.3575864389 -9.15555109635e-15 12.1072836789 -3.50670088693e-15 0
12.1072836789 -3.50670088693e-15 10.3269695773 -2.52558570221e-15 2
10.3269695773 -2.52558570221e-15 1.54673357182 2.3131238617e-15 0
1.54673357182 2.3131238617e-15 -0.188947060027 3.26964194026e-15 1
-0.188947060027 3.26964194026e-15 -0.188947060027 -1.6162821905 1
-0.188947060027 -1.6162821905 1.79916168849 -1.6162821905 0
1.79916168849 -1.6162821905 2.46357304977 -1.6162821905 0
2.46357304977 -1.6162821905 3.12561021202 -1.6162821905 2
3.12561021202 -1.6162821905 7.77155302244 -1.6162821905 0
7.77155302244 -1.6162821905 9.5967212205 -1.6162821905 3
9.5967212205 -1.6162821905 10.7002255634 -1.6162821905 0
10.7002255634 -1.6162821905 11.3646535367 -1.6162821905 0
11.3646535367 -1.6162821905 11.8139694371 -1.6162821905 2
11.8139694371 -1.6162821905 19.1152630672 -1.6162821905 0
19.1152630672 -1.6162821905 20.5759774849 -1.6162821905 1
20.5259774849 -1.6162821905 13.9915889451 -1.6162821905 0
13.9915889451 -1.6162821905 13.3203797657 -1.6162821905 2
13.3203797657 -1.6162821905 10.6230314197 -1.6162821905 0
10.6230314197 -1.6162821905 8.59722805898 -1.6162821905 3
8.59722805898 -1.6162821905 4.48577668009 -1.6162821905 0
4.48577668009 -1.6162821905 4.25206015393 -1.6162821905 2
4.25206015393 -1.6162821905 0.434488992575 -1.6162821905 0
0.434488992575 -1.6162821905 -1.3677461674 -1.6162821905 1
-1.3677461674 -1.6162821905 -1.3677461674 -3.49671382271 1
-1.3677461674 -3.49671382271 1.28935278845 -3.49671382271 0
1.28935278845 -3.49671382271 2.17504237347 -3.49671382271 2
2.17504237347 -3.49671382271 3.09155162776 -3.49671382271 2
3.09155162776 -3.49671382271 6.66877463777 -3.49671382271 0
6.66877463777 -3.49671382271 8.44812757581 -3.49671382271 3
8.44812757581 -3.49671382271 11.3310569617 -3.49671382271 0
11.3310569617 -3.49671382271 11.555049802 -3.49671382271 2
11.555049802 -3.49671382271 18.6526396641 -3.49671382271 0
18.6526396641 -3.49671382271 19.8565802726 -3.49671382271 1
19.8065802726 -3.49671382271 12.9717439726 -3.49671382271 0
12.9717439726 -3.49671382271 12.5249357255 -3.49671382271 2
12.5249357255 -3.49671382271 9.80933279432 -3.49671382271 0
9.80933279432 -3.49671382271 8.21583344684 -3.49671382271 3
8.21583344684 -3.49671382271 3.69234276352 -3.49671382271 0
3.69234276352 -3.49671382271 2.44693046018 -3.49671382271 3
2.44693046018 -3.49671382271 2.44693046018 -2.81944303358 2
2.44693046018 -2.81944303358 2.44693046018 -1.85871576771 0
2.39693046018 -1.85871576771 2.39693046018 -2.26265651893 2
2.39693046018 -2.26265651893 2.39693046018 -3.4215062626 3
2.39693046018 -3.4215062626 2.1470653932 -3.4215062626 2
2.1470653932 -3.4215062626 -0.387237703829 -3.4215062626 0
-0.387237703829 -3.4215062626 -2.06063090683 -3.4215062626 1
-2.06063090683 -3.4215062626 -2.06063090683 -5.22484159938 1
-2.06063090683 -5.22484159938 -0.0202593303914 -5.22484159938 0
-0.0202593303914 -5.22484159938 1.55591424092 -5.22484159938 2
1.55591424092 -5.22484159938 1.55591424092 -4.97381375132 2
1.55591424092 -4.97381375132 6.01974669867 -4.97381375132 0
6.01974669867 -4.97381375132 7.59749690679 -4.97381375132 3
7.59749690679 -4.97381375132 18.6451439658 -4.97381375132 0
18.6451439658 -4.97381375132 19.8813865883 -4.97381375132 1
19.8313865883 -4.97381375132 9.93294077631 -4.97381375132 0
9.93294077631 -4.97381375132 7.92124090715 -4.97381375132 3
7.92124090715 -4.97381375132 3.88297826233 -4.97381375132 0
3.88297826233 -4.97381375132 2.30797380418 -4.97381375132 2
2.30797380418 -4.97381375132 -0.379887167372 -4.97381375132 0
-0.379887167372 -4.97381375132 -2.1135099397 -4.97381375132 1
-2.1135099397 -4.97381375132 -2.1135099397 -6.68369392348 1
-2.1135099397 -6.68369392348 6.34026263029 -6.68369392348 0
6.34026263029 -6.68369392348 8.12994835824 -6.68369392348 3
8.12994835824 -6.68369392348 18.6278750594 -6.68369392348 0
18.6278750594 -6.68369392348 20.0202952652 -6.68369392348 1
19.9702952652 -6.68369392348 9.97969668534 -6.68369392348 0
9.97969668534 -6.68369392348 8.21279169851 -6.68369392348 3
8.21279169851 -6.68369392348 -0.633582121145 -6.68369392348 0
-0.633582121145 -6.68369392348 -2.40165135436 -6.68369392348 1
-2.40165135436 -6.68369392348 -2.40165135436 -8.56306973656 1
-2.40165135436 -8.56306973656 6.4856107943 -8.56306973656 0
6.4856107943 -8.56306973656 8.03742019913 -8.56306973656 3
8.03742019913 -8.56306973656 18.8956212678 -8.56306973656 0
18.8956212678 -8.56306973656 19.9986758131 -8.56306973656 1
19.9486758131 -8.56306973656 9.9934257937 -8.56306973656 0
9.9934257937 -8.56306973656 8.22381516579 -8.56306973656 3
8.22381516579 -8.56306973656 -0.641813684535 -8.56306973656 0
-0.641813684535 -8.56306973656 -2.62419521715 -8.56306973656 1
-2.62419521715 -8.56306973656 -2.62419521715 -10.4702940889 1
-2.62419521715 -10.4702940889 6.55011094574 -10.4702940889 0
6.55011094574 -10.4702940889 8.096923297 -10.4702940889 3
8.096923297 -10.4702940889 18.9568800133 -10.4702940889 0
18.9568800133 -10.4702940889 19.8879836864 -10.4702940889 1
19.8379836864 -10.4702940889 9.67365780366 -10.4702940889 0
9.67365780366 -10.4702940889 8.10584608984 -10.4702940889 3
8.10584608984 -10.4702940889 -0.963205431182 -10.4702940889 0
-0.963205431182 -10.4702940889 -2.74741720445 -10.4702940889 1
-2.74741720445 -10.4702940889 -2.74741720445 -12.406855445 1
-2.74741720445 -12.406855445 6.25110743569 -12.406855445 0
6.25110743569 -12.406855445 8.05827405394 -12.406855445 3
8.05827405394 -12.406855445 18.8796601874 -12.406855445 0
18.8796601874 -12.406855445 20.2567439939 -12.406855445 1
20.2067439939 -12.406855445 10.0706727999 -12.406855445 0
10.0706727999 -12.406855445 8.52894966973 -12.406855445 3
8.52894966973 -12.406855445 -0.0744971563926 -12.406855445 0
-0.0744971563926 -12.406855445 -2.05278996082 -12.406855445 1
-2.05278996082 -12.406855445 -2.05278996082 -14.4704664877 1
-2.05278996082 -14.4704664877 6.79716225696 -14.4704664877 0
6.79716225696 -14.4704664877 8.57587083354 -14.4704664877 3
8.57587083354 -14.4704664877 19.24618526 -14.4704664877 0
19.24618526 -14.4704664877 20.3593610772 -14.4704664877 1
20.3093610772 -14.4704664877 20.1164294831 -14.4704664877 1
20.1164294831 -14.4704664877 9.81982898588 -14.4704664877 0
9.81982898588 -14.4704664877 8.24684963128 -14.4704664877 3
8.24684963128 -14.4704664877 -0.518828914617 -14.4704664877 0
-0.518828914617 -14.4704664877 -2.74958429247 -14.4704664877 1
-2.74958429247 -14.4704664877 -2.74958429247 -16.4588358136 1
-2.74958429247 -16.4588358136 5.92133315019 -16.4588358136 0
5.92133315019 -16.4588358136 7.71500260514 -16.4588358136 3
7.71500260514 -16.4588358136 18.4584074583 -16.4588358136 0
18.4584074583 -16.4588358136 19.8041886627 -16.4588358136 1
19.7541886627 -16.4588358136 9.53709665666 -16.4588358136 0
9.53709665666 -16.4588358136 7.76027228436 -16.4588358136 3
7.76027228436 -16.4588358136 -0.900360417702 -16.4588358136 0
-0.900360417702 -16.4588358136 -2.67407044134 -16.4588358136 1
-2.67407044134 -16.4588358136 -2.67407044134 -18.4029274654 1
-2.67407044134 -18.4029274654 6.37527998175 -18.4029274654 0
6.37527998175 -18.4029274654 8.15084334182 -18.4029274654 3
8.15084334182 -18.4029274654 18.7919700951 -18.4029274654 0
18.7919700951 -18.4029274654 20.1556249085 -18.4029274654 1
20.1056249085 -18.4029274654 10.3131857879 -18.4029274654 0
10.3131857879 -18.4029274654 8.0853857969 -18.4029274654 3
8.0853857969 -18.4029274654 -0.151206443612 -18.4029274654 0
-0.151206443612 -18.4029274654 -5.69141308453 -18.4029274654 1
-5.69141308453 -18.4029274654 -5.69141308453 -20.4513870642 1
-5.69141308453 -20.4513870642 1.15709031403 -20.4513870642 0
1.15709031403 -20.4513870642 1.59812179817 -20.4513870642 2
1.59812179817 -20.4513870642 6.08331379656 -20.4513870642 0
6.08331379656 -20.4513870642 7.61835021685 -20.4513870642 3
7.61835021685 -20.4513870642 9.82402043699 -20.4513870642 0
9.82402043699 -20.4513870642 10.0402217552 -20.4513870642 0
10.0402217552 -20.4513870642 16.8449928968 -20.4513870642 0
16.8449928968 -20.4513870642 18.4513722916 -20.4513870642 1
18.4013722916 -20.4513870642 11.5223133836 -20.4513870642 0
11.5223133836 -20.4513870642 10.8548146945 -20.4513870642 2
10.8548146945 -20.4513870642 10.8548146945 -21.1846682654 2
10.8548146945 -21.1846682654 10.8548146945 -21.4006775244 1
10.8048146945 -21.4006775244 10.8048146945 -20.9624679285 1
10.8048146945 -20.9624679285 10.8048146945 -20.6844880371 2
10.8048146945 -20.6844880371 10.5509527438 -20.6844880371 1
10.5509527438 -20.6844880371 8.33194425125 -20.6844880371 0
8.33194425125 -20.6844880371 6.55181569409 -20.6844880371 3
6.55181569409 -20.6844880371 2.54357193798 -20.6844880371 0
2.54357193798 -20.6844880371 2.10665373237 -20.6844880371 2
2.10665373237 -20.6844880371 1.65589595218 -20.6844880371 2
1.65589595218 -20.6844880371 -4.12296700173 -20.6844880371 0
-4.12296700173 -20.6844880371 -5.89767832518 -20.6844880371 1
-5.89767832518 -20.6844880371 -5.89767832518 -22.906597524 1
-5.89767832518 -22.906597524 -3.89869488781 -22.906597524 0
-3.89869488781 -22.906597524 -1.2225101188 -22.906597524 0
-1.2225101188 -22.906597524 0.560009205083 -22.906597524 2
0.560009205083 -22.906597524 4.78899239086 -22.906597524 0
4.78899239086 -22.906597524 6.56204565853 -22.906597524 3
6.56204565853 -22.906597524 8.33856322388 -22.906597524 0
8.33856322388 -22.906597524 9.22383662798 -22.906597524 2
9.22383662798 -22.906597524 10.0283275291 -22.906597524 0
9.97832752911 -22.906597524 9.49335377724 -22.906597524 2
9.44335377724 -22.906597524 10.552936086 -22.906597524 0
10.552936086 -22.906597524 15.4393275255 -22.906597524 0
15.4393275255 -22.906597524 17.0578829617 -22.906597524 1
17.0078829617 -22.906597524 10.5218736108 -22.906597524 0
10.5218736108 -22.906597524 10.3001708819 -22.906597524 2
10.3001708819 -22.906597524 9.85077045914 -22.906597524 2
9.85077045914 -22.906597524 8.52266671319 -22.906597524 0
8.52266671319 -22.906597524 8.07245800603 -22.906597524 3
8.07245800603 -22.906597524 4.06772171223 -22.906597524 0
4.06772171223 -22.906597524 3.84650774341 -22.906597524 2
3.84650774341 -22.906597524 -3.05435237298 -22.906597524 0
-3.05435237298 -22.906597524 -3.72463297721 -22.906597524 1
-3.72463297721 -22.906597524 -3.95015796563 -22.906597524 2
-3.95015796563 -22.906597524 -3.95015796563 -25.1907582448 1
-3.95015796563 -25.1907582448 0.139660842858 -25.1907582448 0
0.139660842858 -25.1907582448 7.93650208439 -25.1907582448 0
7.93650208439 -25.1907582448 8.3805555046 -25.1907582448 3
8.3805555046 -25.1907582448 8.60294352676 -25.1907582448 3
8.60294352676 -25.1907582448 14.4418767598 -25.1907582448 0
14.4418767598 -25.1907582448 18.4753368352 -25.1907582448 0
18.4753368352 -25.1907582448 20.246693067 -25.1907582448 1
20.246693067 -25.1907582448 20.246693067 -25.3893174803 1
20.246693067 -25.3893174803 10.4384902092 -25.3893174803 0
10.4384902092 -25.3893174803 9.09939267357 -25.3893174803 3
9.09939267357 -25.3893174803 -2.94727009945 -25.3893174803 0
-2.94727009945 -25.3893174803 -4.96053403108 -25.3893174803 1
-4.96053403108 -25.3893174803 -4.96053403108 -27.8839510931 1
-4.96053403108 -27.8839510931 6.91011147941 -27.8839510931 0
6.91011147941 -27.8839510931 8.46354736479 -27.8839510931 3
8.46354736479 -27.8839510931 8.69055511796 -27.8839510931 2
8.69055511796 -27.8839510931 18.9586965861 -27.8839510931 0
18.9586965861 -27.8839510931 19.4038958336 -27.8839510931 2
19.4038958336 -27.8839510931 20.2582123207 -27.8839510931 2
20.2082123207 -27.8839510931 20.090098054 -27.8839510931 1
20.090098054 -27.8839510931 19.8722781283 -27.8839510931 0
19.8722781283 -27.8839510931 19.6367468778 -27.8839510931 2
19.6367468778 -27.8839510931 10.4777613608 -27.8839510931 0
10.4777613608 -27.8839510931 10.0226043659 -27.8839510931 3
10.0226043659 -27.8839510931 9.79804858218 -27.8839510931 3
9.79804858218 -27.8839510931 9.57674801733 -27.8839510931 3
9.57674801733 -27.8839510931 -1.17362218376 -27.8839510931 0
-1.17362218376 -27.8839510931 -2.29718738755 -27.8839510931 0
-2.29718738755 -27.8839510931 -4.67965961119 -27.8839510931 1
-4.67965961119 -27.8839510931 -4.67965961119 -29.6196766515 1
-4.67965961119 -29.6196766515 -4.45950000977 -29.6196766515 0
-4.45950000977 -29.6196766515 -4.23720955091 -29.6196766515 1
-4.23720955091 -29.6196766515 7.06806424757 -29.6196766515 0
7.06806424757 -29.6196766515 8.39625031721 -29.6196766515 3
8.39625031721 -29.6196766515 13.2800888782 -29.6196766515 0
13.2800888782 -29.6196766515 13.5040911104 -29.6196766515 2
13.5040911104 -29.6196766515 17.7132330954 -29.6196766515 0
17.7132330954 -29.6196766515 19.2673667061 -29.6196766515 1
19.2173667061 -29.6196766515 8.98758496747 -29.6196766515 0
8.98758496747 -29.6196766515 8.54337365514 -29.6196766515 3
8.54337365514 -29.6196766515 -3.68240882361 -29.6196766515 0
-3.68240882361 -29.6196766515 -5.68502311708 -29.6196766515 1
-5.68502311708 -29.6196766515 -5.68502311708 -32.1066536439 1
-5.68502311708 -32.1066536439 1.76164961526 -32.1066536439 0
1.76164961526 -32.1066536439 4.83545574137 -32.1066536439 0
4.83545574137 -32.1066536439 5.48974237955 -32.1066536439 3
5.48974237955 -32.1066536439 5.92525488224 -32.1066536439 2
5.92525488224 -32.1066536439 16.6891970309 -32.1066536439 0
16.6891970309 -32.1066536439 17.8780991295 -32.1066536439 1
17.8280991295 -32.1066536439 7.65356529938 -32.1066536439 0
7.65356529938 -32.1066536439 7.426099214 -32.1066536439 3
7.426099214 -32.1066536439 6.98236361705 -32.1066536439 1
6.98236361705 -32.1066536439 6.52739121129 -32.1066536439 3
6.52739121129 -32.1066536439 4.51348121129 -32.1066536439 0
4.51348121129 -32.1066536439 2.51727955241 -32.1066536439 0
2.51727955241 -32.1066536439 -4.82837027037 -32.1066536439 0
-4.82837027037 -32.1066536439 -6.82261148386 -32.1066536439 1
-6.82261148386 -32.1066536439 -6.82261148386 -34.3621653571 1
-6.82261148386 -34.3621653571 -6.59982707933 -34.3621653571 2
-6.59982707933 -34.3621653571 5.08959798273 -34.3621653571 0
5.08959798273 -34.3621653571 6.43358285173 -34.3621653571 3
6.43358285173 -34.3621653571 6.65546989506 -34.3621653571 2
6.65546989506 -34.3621653571 17.6713989072 -34.3621653571 0
17.6713989072 -34.3621653571 19.069051271 -34.3621653571 1
19.019051271 -34.3621653571 8.47614368625 -34.3621653571 0
8.47614368625 -34.3621653571 8.25402475414 -34.3621653571 3
8.25402475414 -34.3621653571 8.03004276826 -34.3621653571 2
8.03004276826 -34.3621653571 -4.08610681082 -34.3621653571 0
-4.08610681082 -34.3621653571 -4.75415250656 -34.3621653571 1
-4.75415250656 -34.3621653571 -5.19708281722 -34.3621653571 2
-5.19708281722 -34.3621653571 -5.19708281722 -36.2783313696 1
-5.19708281722 -36.2783313696 -5.19708281722 -37.1046424769 1
-5.19708281722 -37.1046424769 -1.20536117251 -37.1046424769 0
-1.20536117251 -37.1046424769 6.60478574429 -37.1046424769 0
6.60478574429 -37.1046424769 7.26768184482 -37.1046424769 3
7.26768184482 -37.1046424769 7.72053043983 -37.1046424769 3
7.72053043983 -37.1046424769 18.2081267026 -37.1046424769 0
18.2081267026 -37.1046424769 18.4276671772 -37.1046424769 1
18.4276671772 -37.1046424769 18.6386709686 -37.1046424769 2
18.6386709686 -37.1046424769 19.5347027147 -37.1046424769 1
19.4847027147 -37.1046424769 9.48919643589 -37.1046424769 0
9.48919643589 -37.1046424769 9.26729587257 -37.1046424769 3
9.26729587257 -37.1046424769 8.829105948 -37.1046424769 3
8.829105948 -37.1046424769 -2.65739958553 -37.1046424769 0
-2.65739958553 -37.1046424769 -5.06480752232 -37.1046424769 1
-5.06480752232 -37.1046424769 -5.06480752232 -39.4503205491 1
-5.06480752232 -39.4503205491 0.670139694386 -39.4503205491 1
0.670139694386 -39.4503205491 6.42623929239 -39.4503205491 1
6.42623929239 -39.4503205491 7.75363887428 -39.4503205491 1
7.75363887428 -39.4503205491 9.96836190436 -39.4503205491 0
9.96836190436 -39.4503205491 10.8591560725 -39.4503205491 2
10.8591560725 -39.4503205491 18.1695696702 -39.4503205491 0
18.1695696702 -39.4503205491 19.6271348077 -39.4503205491 1
19.5771348077 -39.4503205491 13.5539736277 -39.4503205491 0
13.5539736277 -39.4503205491 13.1107681675 -39.4503205491 2
13.1107681675 -39.4503205491 9.97634329999 -39.4503205491 0
9.97634329999 -39.4503205491 -5.63132542613 -39.4503205491 1
-5.63132542613 -39.4503205491 -5.63132542613 -42.2533068038 1
-5.63132542613 -42.2533068038 6.50070210245 -42.2533068038 1
6.50070210245 -42.2533068038 16.4393315449 -42.2533068038 1
16.3893315449 -42.2533068038 13.0916132777 -42.2533068038 1
13.0916132777 -42.2533068038 13.0916132777 -41.3705019046 2
13.0916132777 -41.3705019046 13.0916132777 -40.5268146403 0
13.0416132777 -40.5268146403 13.0416132777 -41.3941876858 2
13.0416132777 -41.3941876858 13.0416132777 -42.6909187489 1
13.0416132777 -42.6909187489 -0.459410603451 -42.6909187489 1
-0.509410603451 -42.6909187489 9.22048964534 -42.6909187489 1
9.22048964534 -42.6909187489 9.22048964534 -27.2773630562 1
9.22048964534 -27.2773630562 9.22048964534 -1.34077917066 1
9.22048964534 -1.34077917066 9.22048964534 0.141037601756 0
9.17048964534 0.141037601756 9.17048964534 -17.7913485037 1
9.17048964534 -17.7913485037 9.17048964534 -35.9502636544 1
9.17048964534 -35.9502636544 9.17048964534 -39.4781403544 1
9.17048964534 -39.4781403544 -5.39763735276 -39.4781403544 1
-5.39763735276 -39.4781403544 -5.39763735276 -17.8860630501 1
-5.39763735276 -17.8860630501 -3.01535358093 -17.8860630501 1
-3.01535358093 -17.8860630501 -3.01535358093 0.100750480059 1
-3.06535358093 0.100750480059 -3.06535358093 -4.44483044281 1
-3.06535358093 -4.44483044281 -3.06535358093 -4.6679671421 2
-3.06535358093 -4.6679671421 -3.06535358093 -5.10422948345 1
-3.06535358093 -5.10422948345 -3.06535358093 -5.34724901091 2
-3.06535358093 -5.34724901091 -3.06535358093 -21.255599892 1
-3.06535358093 -21.255599892 -3.06535358093 -37.5344376395 1
-3.06535358093 -37.5344376395 -3.06535358093 -39.7988879343 1
-3.06535358093 -39.7988879343 10.5758188924 -39.7988879343 1
10.5758188924 -39.7988879343 13.0114943901 -39.7988879343 0
13.0114943901 -39.7988879343 13.902671791 -39.7988879343 2
13.902671791 -39.7988879343 21.1949966604 -39.7988879343 0
21.1949966604 -39.7988879343 22.480817896 -39.7988879343 1
22.480817896 -39.7988879343 22.480817896 -16.9034055334 1
22.480817896 -16.9034055334 22.480817896 -6.76520754157 1
22.430817896 -6.76520754157 22.430817896 -32.9157032014 1
22.430817896 -32.9157032014 22.430817896 -33.1334987018 1
22.430817896 -33.1334987018 22.430817896 -36.0203986482 1
22.430817896 -36.0203986482 21.5177620324 -36.0203986482 0
21.5177620324 -36.0203986482 12.833684485 -36.0203986482 0
12.833684485 -36.0203986482 12.6091632833 -36.0203986482 3
12.6091632833 -36.0203986482 12.1557600412 -36.0203986482 1
12.1557600412 -36.0203986482 11.7101438722 -36.0203986482 2
11.7101438722 -36.0203986482 11.7101438722 -25.212551678 1
11.7101438722 -25.212551678 11.7101438722 -14.3178247461 1
11.7101438722 -14.3178247461 11.7101438722 -3.38008068863 1
11.7101438722 -3.38008068863 11.7101438722 -0.956858449028 1
11.7101438722 -0.956858449028 11.7101438722 -0.733297964148 3
11.7101438722 -0.733297964148 11.7101438722 -0.0583716042529 0
11.7101438722 -0.0583716042529 11.7101438722 0.159973298616 2
11.7101438722 0.159973298616 11.0338423481 0.159973298616 0
11.0338423481 0.159973298616 3.64212904778 0.159973298616 0
3.64212904778 0.159973298616 -0.557472553788 0.159973298617 1
-0.557472553788 0.159973298617 -0.557472553788 0.389319450971 1
