0 0 -0.0 0.974392091216 0
-0.0 0.974392091216 -0.0 2.26723008773 0
-0.2 2.46723008773 -0.2 2.00028654626 0
-0.4 2.20028654626 -0.4 8.19096543859 0
-0.4 8.19096543859 -0.4 8.86551667465 0
-0.4 8.86551667465 -0.4 10.4228828488 2
-0.4 10.4228828488 -0.4 21.0855243422 0
-0.4 21.0855243422 -0.4 23.0398784335 1
-0.6 23.2398784335 -0.6 13.0373984156 0
-0.6 13.0373984156 -0.6 11.265214946 2
-0.6 11.265214946 -0.6 2.46322270493 0
-0.6 2.46322270493 -0.6 0.683747257277 1
-0.6 0.683747257277 0.995453592145 0.683747257277 1
0.995453592145 0.683747257277 0.995453592145 2.67710699522 0
0.995453592145 2.67710699522 0.995453592145 3.34344936406 0
0.995453592145 3.34344936406 0.995453592145 4.0074172693 2
0.995453592145 4.0074172693 0.995453592145 8.66639071015 0
0.995453592145 8.66639071015 0.995453592145 10.4967596577 3
0.995453592145 10.4967596577 0.995453592145 11.603466522 0
0.995453592145 11.603466522 0.995453592145 12.2697791364 0
0.995453592145 12.2697791364 0.995453592145 12.7202759683 2
0.995453592145 12.7202759683 0.995453592145 20.0426607533 0
0.995453592145 20.0426607533 0.995453592145 21.5262039284 1
0.795453592145 21.7262039284 0.795453592145 15.2610585199 0
0.795453592145 15.2610585199 0.795453592145 14.5970471368 2
0.795453592145 14.5970471368 0.795453592145 11.9280412614 0
0.795453592145 11.9280412614 0.795453592145 9.92351509296 3
0.795453592145 9.92351509296 0.795453592145 5.85437153166 0
0.795453592145 5.85437153166 0.795453592145 5.62298718366 2
0.795453592145 5.62298718366 0.795453592145 1.84485847793 0
0.795453592145 1.84485847793 0.795453592145 0.0619403218221 1
0.795453592145 0.0619403218221 2.7068052297 0.0619403218221 1
2.7068052297 0.0619403218221 2.7068052297 2.72428609882 0
2.7068052297 2.72428609882 2.7068052297 3.61165629986 2
2.7068052297 3.61165629986 2.7068052297 4.52077392817 2
2.7068052297 4.52077392817 2.7068052297 8.10405725748 0
2.7068052297 8.10405725748 2.7068052297 9.88607880084 3
2.7068052297 9.88607880084 2.7068052297 12.7737890935 0
2.7068052297 12.7737890935 2.7068052297 12.9981910623 2
2.7068052297 12.9981910623 2.7068052297 20.1081984268 0
2.7068052297 20.1081984268 2.7068052297 21.3438352919 1
2.5068052297 21.5438352919 2.5068052297 14.8229225942 0
2.5068052297 14.8229225942 2.5068052297 14.3836990264 2
2.5068052297 14.3836990264 2.5068052297 11.712883965 0
2.5068052297 11.712883965 2.5068052297 10.1460085412 3
2.5068052297 10.1460085412 2.5068052297 5.69791463662 0
2.5068052297 5.69791463662 2.5068052297 4.47526416584 3
2.5068052297 4.47526416584 1.83251868105 4.47526416584 2
1.83251868105 4.47526416584 0.885146303097 4.47526416584 0
0.685146303097 4.67526416584 1.09137642913 4.67526416584 2
1.09137642913 4.67526416584 2.25425244252 4.67526416584 3
2.25425244252 4.67526416584 2.25425244252 4.42921750664 2
2.25425244252 4.42921750664 2.25425244252 1.9373714056 0
2.25425244252 1.9373714056 2.25425244252 0.292670619016 1
2.25425244252 0.292670619016 4.08660308663 0.292670619016 1
4.08660308663 0.292670619016 4.08660308663 2.30642000306 0
4.08660308663 2.30642000306 4.08660308663 3.86218075408 2
3.88660308663 4.06218075408 3.88660308663 3.77453668426 2
3.68660308663 3.97453668426 3.68660308663 8.37828158206 0
3.68660308663 8.37828158206 3.68660308663 9.93541809262 3
3.68660308663 9.93541809262 3.68660308663 20.8386577125 0
3.68660308663 20.8386577125 3.68660308663 22.07123328 1
3.48660308663 22.27123328 3.48660308663 12.3939264184 0
3.48660308663 12.3939264184 3.48660308663 10.3886212196 3
3.48660308663 10.3886212196 3.48660308663 6.36326465813 0
3.48660308663 6.36326465813 3.48660308663 4.79323116925 2
3.48660308663 4.79323116925 3.48660308663 2.11390755399 0
3.48660308663 2.11390755399 3.48660308663 0.385798356236 1
3.48660308663 0.385798356236 5.31415663416 0.385798356236 1
5.31415663416 0.385798356236 5.31415663416 8.84987150373 0
5.31415663416 8.84987150373 5.31415663416 10.6409067183 3
5.31415663416 10.6409067183 5.31415663416 21.1471816466 0
5.31415663416 21.1471816466 5.31415663416 22.5314189705 1
5.11415663416 22.7314189705 5.11415663416 12.6766127793 0
5.11415663416 12.6766127793 5.11415663416 10.8977386472 3
5.11415663416 10.8977386472 5.11415663416 1.99181569616 0
5.11415663416 1.99181569616 5.11415663416 0.211377691141 1
5.11415663416 0.211377691141 7.00751956577 0.211377691141 1
7.00751956577 0.211377691141 7.00751956577 9.13115947879 0
7.00751956577 9.13115947879 7.00751956577 10.6885195831 3
7.00751956577 10.6885195831 7.00751956577 21.5865456414 0
7.00751956577 21.5865456414 7.00751956577 22.683384142 1
6.80751956577 22.883384142 6.80751956577 12.8714372523 0
6.80751956577 12.8714372523 6.80751956577 11.0930870866 3
6.80751956577 11.0930870866 6.80751956577 2.1823981697 0
6.80751956577 2.1823981697 6.80751956577 0.189876097524 1
6.80751956577 0.189876097524 8.81527616854 0.189876097524 1
8.81527616854 0.189876097524 8.81527616854 9.39086943698 0
8.81527616854 9.39086943698 8.81527616854 10.9423529754 3
8.81527616854 10.9423529754 8.81527616854 21.8334185027 0
8.81527616854 21.8334185027 8.81527616854 22.77309881 1
8.61527616854 22.97309881 8.61527616854 12.8677944381 0
8.61527616854 12.8677944381 8.61527616854 11.3089351115 3
8.61527616854 11.3089351115 8.61527616854 2.29463238991 0
8.61527616854 2.29463238991 8.61527616854 0.520743698833 1
8.61527616854 0.520743698833 10.6293598303 0.520743698833 1
10.6293598303 0.520743698833 10.6293598303 9.39757830174 0
10.6293598303 9.39757830174 10.6293598303 11.1805201975 3
10.6293598303 11.1805201975 10.6293598303 21.8568131951 0
10.6293598303 21.8568131951 10.6293598303 23.2090438891 1
10.4293598303 23.4090438891 10.4293598303 13.1790162518 0
10.4293598303 13.1790162518 10.4293598303 11.6237383474 3
10.4293598303 11.6237383474 10.4293598303 2.94179421411 0
10.4293598303 2.94179421411 10.4293598303 0.946398616162 1
10.4293598303 0.946398616162 12.477914511 0.946398616162 1
12.477914511 0.946398616162 12.477914511 9.82889676776 0
12.477914511 9.82889676776 12.477914511 11.6142094364 3
12.477914511 11.6142094364 12.477914511 22.3288659148 0
12.477914511 22.3288659148 12.477914511 23.44593995 1
12.277914511 23.64593995 12.277914511 23.4542342902 1
12.277914511 23.4542342902 12.277914511 13.1954009481 0
12.277914511 13.1954009481 12.277914511 11.6280885829 3
12.277914511 11.6280885829 12.277914511 2.89432057346 0
12.277914511 2.89432057346 12.277914511 0.671020139417 1
12.277914511 0.671020139417 14.2820907583 0.671020139417 1
14.2820907583 0.671020139417 14.2820907583 9.33218344115 0
14.2820907583 9.33218344115 14.2820907583 11.1233497196 3
14.2820907583 11.1233497196 14.2820907583 21.854340302 0
14.2820907583 21.854340302 14.2820907583 23.196810756 1
14.0820907583 23.396810756 14.0820907583 13.1695433204 0
14.0820907583 13.1695433204 14.0820907583 11.3910431826 3
14.0820907583 11.3910431826 14.0820907583 2.72366074995 0
14.0820907583 2.72366074995 14.0820907583 0.94969286436 1
14.0820907583 0.94969286436 16.072238603 0.94969286436 1
16.072238603 0.94969286436 16.072238603 10.036916849 0
16.072238603 10.036916849 16.072238603 11.8196298181 3
16.072238603 11.8196298181 16.072238603 22.5058218045 0
16.072238603 22.5058218045 16.072238603 23.8763755064 1
15.872238603 24.0763755064 15.872238603 14.3038123626 0
15.872238603 14.3038123626 15.872238603 12.0800201309 3
15.872238603 12.0800201309 15.872238603 3.86121679968 0
15.872238603 3.86121679968 15.872238603 -1.66678635268 1
15.872238603 -1.66678635268 17.910215838 -1.66678635268 1
17.910215838 -1.66678635268 17.910215838 5.25471175039 0
17.910215838 5.25471175039 17.910215838 5.70028327282 2
17.910215838 5.70028327282 17.910215838 10.2305692029 0
17.910215838 10.2305692029 17.910215838 11.781246039 3
17.910215838 11.781246039 17.910215838 14.0097751974 0
17.910215838 14.0097751974 17.910215838 14.2281819052 0
17.910215838 14.2281819052 17.910215838 21.1035160338 0
17.910215838 21.1035160338 17.910215838 22.7195416432 1
17.710215838 22.9195416432 17.710215838 16.0409170561 0
17.710215838 16.0409170561 17.710215838 15.3739157892 2
17.710215838 15.3739157892 18.446373226 15.3739157892 2
18.446373226 15.3739157892 18.6633769126 15.3739157892 1
18.4633769126 15.5739157892 18.0270907221 15.5739157892 1
18.0270907221 15.5739157892 17.7508681851 15.5739157892 2
17.7508681851 15.5739157892 17.7508681851 15.3209160856 1
17.7508681851 15.3209160856 17.7508681851 13.1045148562 0
17.7508681851 13.1045148562 17.7508681851 11.3258673785 3
17.7508681851 11.3258673785 17.7508681851 7.32202513077 0
17.7508681851 7.32202513077 17.7508681851 6.88545673933 2
17.7508681851 6.88545673933 17.7508681851 6.43503005706 2
17.7508681851 6.43503005706 17.7508681851 0.659820524934 0
17.7508681851 0.659820524934 17.7508681851 -1.11322976846 1
17.7508681851 -1.11322976846 20.0495801244 -1.11322976846 1
20.0495801244 -1.11322976846 20.0495801244 0.887558244425 0
20.0495801244 0.887558244425 20.0495801244 3.56627211837 0
20.0495801244 3.56627211837 20.0495801244 5.35047128609 2
20.0495801244 5.35047128609 20.0495801244 9.58297150161 0
20.0495801244 9.58297150161 20.0495801244 11.3577739412 3
20.0495801244 11.3577739412 20.0495801244 13.135577004 0
20.0495801244 13.135577004 20.0495801244 14.0215465407 2
20.0495801244 14.0215465407 20.0495801244 14.8265559133 0
19.8495801244 15.0265559133 19.8495801244 14.5477966836 2
19.6495801244 14.7477966836 19.6495801244 15.8589913021 0
19.6495801244 15.8589913021 19.6495801244 20.7492293597 0
19.6495801244 20.7492293597 19.6495801244 22.3655642816 1
19.4495801244 22.5655642816 19.4495801244 16.0637436182 0
19.4495801244 16.0637436182 19.4495801244 15.8414392097 2
19.4495801244 15.8414392097 19.4495801244 15.391019128 2
19.4495801244 15.391019128 19.4495801244 14.0595913531 0
19.4495801244 14.0595913531 19.4495801244 13.6083290236 3
19.4495801244 13.6083290236 19.4495801244 9.59405434987 0
19.4495801244 9.59405434987 19.4495801244 9.37228783391 2
19.4495801244 9.37228783391 19.4495801244 2.45515932051 0
19.4495801244 2.45515932051 19.4495801244 1.78330818454 1
19.4495801244 1.78330818454 19.4495801244 1.55726314124 2
19.4495801244 1.55726314124 21.7186372868 1.55726314124 1
21.7186372868 1.55726314124 21.7186372868 5.61877463109 0
21.7186372868 5.61877463109 21.7186372868 13.3596812597 0
21.7186372868 13.3596812597 21.7186372868 13.8004572605 3
21.7186372868 13.8004572605 21.7186372868 14.0212587098 3
21.7186372868 14.0212587098 21.7186372868 19.8184110115 0
21.7186372868 19.8184110115 21.7186372868 23.8224263974 0
21.7186372868 23.8224263974 21.7186372868 25.5884248827 1
21.7186372868 25.5884248827 21.9199276244 25.5884248827 1
21.9199276244 25.5884248827 21.9199276244 15.7980742061 0
21.9199276244 15.7980742061 21.9199276244 14.461327132 3
21.9199276244 14.461327132 21.9199276244 2.43441238873 0
21.9199276244 2.43441238873 21.9199276244 0.424886677423 1
21.9199276244 0.424886677423 24.4424625391 0.424886677423 1
24.4424625391 0.424886677423 24.4424625391 12.2489492463 0
24.4424625391 12.2489492463 24.4424625391 13.7967102578 3
24.4424625391 13.7967102578 24.4424625391 14.0228655364 2
24.4424625391 14.0228655364 24.4424625391 24.2525545688 0
24.4424625391 24.2525545688 24.4424625391 24.6959862433 2
24.4424625391 24.6959862433 24.4424625391 25.5577379999 2
24.2424625391 25.7577379999 24.2424625391 25.6459498968 1
24.2424625391 25.6459498968 24.2424625391 25.4300817658 0
24.2424625391 25.4300817658 24.2424625391 25.1964370355 2
24.2424625391 25.1964370355 24.2424625391 16.1117239481 0
24.2424625391 16.1117239481 24.2424625391 15.6602895232 3
24.2424625391 15.6602895232 24.2424625391 15.4376511392 3
24.2424625391 15.4376511392 24.2424625391 15.2181345339 3
24.2424625391 15.2181345339 24.2424625391 4.55497036197 0
24.2424625391 4.55497036197 24.2424625391 3.44013875599 0
24.2424625391 3.44013875599 24.2424625391 1.06962223782 1
24.2424625391 1.06962223782 25.9756525287 1.06962223782 1
25.9756525287 1.06962223782 25.9756525287 1.29052128807 0
25.9756525287 1.29052128807 25.9756525287 1.51363190099 1
25.9756525287 1.51363190099 25.9756525287 12.8573115379 0
25.9756525287 12.8573115379 25.9756525287 14.1895763095 3
25.9756525287 14.1895763095 25.9756525287 19.0881936991 0
25.9756525287 19.0881936991 25.9756525287 19.3128947894 2
25.9756525287 19.3128947894 25.9756525287 23.5350738299 0
25.9756525287 23.5350738299 25.9756525287 25.0897999151 1
25.7756525287 25.2897999151 25.7756525287 15.0537882612 0
25.7756525287 15.0537882612 25.7756525287 14.6092788012 3
25.7756525287 14.6092788012 25.7756525287 2.37653342609 0
25.7756525287 2.37653342609 25.7756525287 0.372675776453 1
25.7756525287 0.372675776453 28.2468598738 0.372675776453 1
28.2468598738 0.372675776453 28.2468598738 7.90693408546 0
28.2468598738 7.90693408546 28.2468598738 11.016893666 0
28.2468598738 11.016893666 28.2468598738 11.678856997 3
28.2468598738 11.678856997 28.2468598738 12.1196157292 2
28.2468598738 12.1196157292 28.2468598738 23.0141278568 0
28.2468598738 23.0141278568 28.2468598738 24.2047468639 1
28.0468598738 24.4047468639 28.0468598738 14.2081873775 0
28.0468598738 14.2081873775 28.0468598738 13.9801870266 3
28.0468598738 13.9801870266 28.0468598738 13.5353681309 1
28.0468598738 13.5353681309 28.0468598738 13.0792607203 3
28.0468598738 13.0792607203 28.0468598738 11.0609969601 0
28.0468598738 11.0609969601 28.0468598738 9.05994381051 0
28.0468598738 9.05994381051 28.0468598738 1.69771303896 0
28.0468598738 1.69771303896 28.0468598738 -0.0944718284327 1
28.0468598738 -0.0944718284327 30.4257838457 -0.0944718284327 1
30.4257838457 -0.0944718284327 30.4257838457 0.125939660379 2
30.4257838457 0.125939660379 30.4257838457 11.6799586344 0
30.4257838457 11.6799586344 30.4257838457 13.0083662022 3
30.4257838457 13.0083662022 30.4257838457 13.227685376 2
30.4257838457 13.227685376 30.4257838457 24.1187949402 0
30.4257838457 24.1187949402 30.4257838457 25.518726385 1
30.2257838457 25.718726385 30.2257838457 15.212165994 0
30.2257838457 15.212165994 30.2257838457 14.9907870203 3
30.2257838457 14.9907870203 30.2257838457 14.7676815519 2
30.2257838457 14.7676815519 30.2257838457 2.69283949433 0
30.2257838457 2.69283949433 30.2257838457 2.0270805707 1
30.2257838457 2.0270805707 30.2257838457 1.58584012321 2
30.2257838457 1.58584012321 32.1431649848 1.58584012321 1
32.1431649848 1.58584012321 32.1431649848 2.41064101803 1
32.1431649848 2.41064101803 28.1598845215 2.41064101803 0
28.1598845215 2.41064101803 20.3651504302 2.41064101803 0
20.3651504302 2.41064101803 19.7037020498 2.41064101803 3
19.7037020498 2.41064101803 19.2517425581 2.41064101803 3
19.2517425581 2.41064101803 8.78311322566 2.41064101803 0
8.78311322566 2.41064101803 8.56404825813 2.41064101803 1
8.56404825813 2.41064101803 8.35351574282 2.41064101803 2
8.35351574282 2.41064101803 7.46277027413 2.41064101803 1
7.26277027413 2.61064101803 17.3303426141 2.61064101803 0
17.3303426141 2.61064101803 17.5537601604 2.61064101803 3
17.5537601604 2.61064101803 17.9951273545 2.61064101803 3
17.9951273545 2.61064101803 29.5659786465 2.61064101803 0
29.5659786465 2.61064101803 31.9917437174 2.61064101803 1
31.9917437174 2.61064101803 31.9917437174 4.93456521234 1
31.9917437174 4.93456521234 26.2314979471 4.93456521234 1
26.2314979471 4.93456521234 20.4483512411 4.93456521234 1
20.4483512411 4.93456521234 19.1148715364 4.93456521234 1
19.1148715364 4.93456521234 16.8900834814 4.93456521234 0
16.8900834814 4.93456521234 15.9950564985 4.93456521234 2
15.9950564985 4.93456521234 8.65137108995 4.93456521234 0
8.65137108995 4.93456521234 7.18196325004 4.93456521234 1
6.98196325004 5.13456521234 12.9774873447 5.13456521234 0
12.9774873447 5.13456521234 13.4187281407 5.13456521234 2
13.4187281407 5.13456521234 16.5394036861 5.13456521234 0
16.5394036861 5.13456521234 32.0759010069 5.13456521234 1
32.0759010069 5.13456521234 32.0759010069 7.94373812308 1
32.0759010069 7.94373812308 19.886873787 7.94373812308 1
19.886873787 7.94373812308 12.7955503742 7.94373812308 1
12.5955503742 8.14373812308 13.0050860747 8.14373812308 1
13.0050860747 8.14373812308 13.0050860747 7.26478774336 2
13.0050860747 7.26478774336 13.0050860747 6.42828654791 0
12.8050860747 6.62828654791 12.8050860747 7.49888048884 2
12.8050860747 7.49888048884 12.8050860747 8.79715887193 1
12.8050860747 8.79715887193 26.1978683245 8.79715887193 1
25.9978683245 8.99715887193 16.2241618446 8.99715887193 1
16.2241618446 8.99715887193 16.2241618446 -6.34950563603 1
16.2241618446 -6.34950563603 16.2241618446 -32.1771072494 1
16.2241618446 -32.1771072494 16.2241618446 -33.6485179964 0
16.0241618446 -33.4485179964 16.0241618446 -15.4381119599 1
16.0241618446 -15.4381119599 16.0241618446 2.80039547139 1
16.0241618446 2.80039547139 16.0241618446 6.3437216277 1
16.0241618446 6.3437216277 30.529493896 6.3437216277 1
30.529493896 6.3437216277 30.529493896 -15.1571564519 1
30.529493896 -15.1571564519 28.1389132401 -15.1571564519 1
28.1389132401 -15.1571564519 28.1389132401 -33.0725947469 1
27.9389132401 -32.8725947469 27.9389132401 -28.3126299299 1
27.9389132401 -28.3126299299 27.9389132401 -28.0905623387 2
27.9389132401 -28.0905623387 27.9389132401 -27.6517647295 1
27.9389132401 -27.6517647295 27.9389132401 -27.4293036455 2
27.9389132401 -27.4293036455 27.9389132401 -11.7918187285 1
27.9389132401 -11.7918187285 27.9389132401 4.36129113275 1
27.9389132401 4.36129113275 13.2719717559 4.36129113275 1
13.2719717559 4.36129113275 10.8244478766 4.36129113275 0
10.8244478766 4.36129113275 9.92910364109 4.36129113275 2
9.92910364109 4.36129113275 2.60086576695 4.36129113275 0
2.60086576695 4.36129113275 1.30541210124 4.36129113275 1
1.30541210124 4.36129113275 1.30541210124 -18.4326334326 1
1.30541210124 -18.4326334326 1.30541210124 -28.4532432364 1
1.10541210124 -28.2532432364 1.10541210124 -2.02827532315 1
1.10541210124 -2.02827532315 1.10541210124 -1.81013672043 1
1.10541210124 -1.81013672043 1.10541210124 1.0776295028 1
1.10541210124 1.0776295028 2.0147109575 1.0776295028 0
2.0147109575 1.0776295028 10.6643720821 1.0776295028 0
10.6643720821 1.0776295028 10.8878935799 1.0776295028 3
10.8878935799 1.0776295028 11.3395793114 1.0776295028 1
11.3395793114 1.0776295028 11.783349094 1.0776295028 2
11.783349094 1.0776295028 11.783349094 -9.75619395201 1
11.783349094 -9.75619395201 11.783349094 -20.6396478569 1
11.783349094 -20.6396478569 11.783349094 -31.5893577055 1
11.783349094 -31.5893577055 11.783349094 -34.009522855 1
11.783349094 -34.009522855 11.783349094 -34.2329956679 3
11.783349094 -34.2329956679 11.783349094 -34.9070736539 0
11.783349094 -34.9070736539 11.783349094 -35.1247455222 2
11.783349094 -35.1247455222 12.4536694523 -35.1247455222 0
12.4536694523 -35.1247455222 19.7719254179 -35.1247455222 0
19.7719254179 -35.1247455222 23.9559302284 -35.1247455222 1
23.7559302284 -34.9247455222 23.5280324931 -34.9247455222 1
