12 79
80 87
88 136
137 155
156 201
204 210
211 250
251 259
259 268
269 283
284 287
288 309
310 318
319 329
330 333
334 366
367 374
376 379
380 410
411 413
414 426
427 435
436 455
456 457
458 475
476 484
484 508
509 521
522 526
528 540
541 557
558 566
567 580
581 582
583 615
616 626
627 658
659 662
663 674
675 682
683 703
704 710
711 715
726 728
729 735
736 737
738 749
750 758
758 768
769 777
778 785
787 804
805 825
826 833
834 883
884 894
895 939
940 949
950 968
969 976
977 989
991 999
999 1009
1010 1048
1049 1057
1058 1105
1106 1116
1117 1162
1163 1171
1172 1212
1213 1221
1221 1231
1232 1272
1273 1280
1281 1330
1331 1340
1341 1387
1388 1395
1396 1436
1437 1446
1446 1457
1458 1499
1500 1507
1508 1557
1558 1566
1567 1611
1613 1620
1621 1663
1664 1672
1672 1684
1685 1725
1726 1734
1735 1783
1784 1794
1795 1841
1842 1851
1852 1891
1892 1902
1902 1914
1915 1955
1956 1964
1965 2013
2014 2023
2025 2071
2072 2079
2080 2119
2120 2130
2130 2143
2144 2183
2184 2192
2193 2240
2241 2253
2255 2300
2301 2310
2311 2350
2351 2359
2359 2390
2391 2432
2433 2442
2443 2490
2491 2502
2503 2548
2549 2558
2559 2597
2598 2622
2622 2633
2634 2664
2665 2667
2668 2687
2688 2696
2697 2706
2707 2711
2714 2744
2745 2747
2749 2752
2754 2759
2760 2791
2792 2795
2799 2802
2803 2804
2806 2808
2809 2811
2813 2824
2825 2833
2834 2852
2855 2857
2859 2860
2861 2888
2889 2897
2897 2908
2910 2911
2912 2921
2923 2935
2936 2944
2945 2947
2949 2964
2965 2973
2974 2982
2984 2988
2991 2997
2998 3013
3014 3017
3021 3044
3045 3055
3056 3084
3085 3087
3091 3092
3093 3100
3102 3104
3106 3107
3108 3110
3111 3130
3135 3137
3139 3166
3167 3170
3171 3173
3174 3187
3189 3207
3209 3244
3245 3247
3249 3251
3253 3267
3269 3278
3280 3301
3302 3311
3312 3358
3361 3367
3369 3423
3424 3433
3433 3447
3448 3501
3502 3510
3512 3558
3560 3566
3575 3576
3577 3618
3619 3624
3628 3669
3671 3676
3678 3681
3682 3694
3694 3706
3709 3710
3711 3727
3729 3761
3762 3769
3771 3796
3797 3798
3799 3818
3819 3830
3832 3878
3879 3881
3887 3942
3943 3952
3952 3967
3968 3972
3973 3974
3975 4004
4006 4020
4021 4025
4029 4079
4080 4089
4091 4137
4138 4139
4140 4141
4144 4145
4147 4158
4159 4160
4161 4167
4169 4201
4202 4211
4211 4223
4227 4279
4280 4285
4288 4289
4290 4339
4340 4350
4351 4398
4399 4400
4402 4404
4405 4406
4407 4462
4463 4465
4466 4468
4469 4477
4477 4482
