0 0 6.0076898702 -1.10359472547e-15 0
6.0076898702 -1.10359472547e-15 8.43879763358 -1.55018197659e-15 2
8.43879763358 -1.55018197659e-15 9.04501774972 -1.66154280531e-15 0
9.04501774972 -1.66154280531e-15 3.85824288801 -7.35509972424e-17 0
3.85824288801 -7.35509972424e-17 0.264429946153 1.02673688175e-15 3
0.264429946153 1.02673688175e-15 0.264429946153 -1.79114464728 1
0.264429946153 -1.79114464728 0.264429946153 -2.08967311753 1
0.264429946153 -2.08967311753 6.18780234481 -2.08967311753 0
6.18780234481 -2.08967311753 8.83837537517 -2.08967311753 3
8.83837537517 -2.08967311753 3.90968478036 -2.08967311753 0
3.90968478036 -2.08967311753 0.142098762915 -2.08967311753 3
0.142098762915 -2.08967311753 0.142098762915 -4.41250629271 1
0.142098762915 -4.41250629271 5.93582934117 -4.41250629271 0
5.93582934117 -4.41250629271 9.25120481892 -4.41250629271 3
9.25120481892 -4.41250629271 3.63712102993 -4.41250629271 0
3.63712102993 -4.41250629271 0.164615080508 -4.41250629271 3
0.164615080508 -4.41250629271 0.164615080508 -6.76794950977 1
0.164615080508 -6.76794950977 5.7452140609 -6.76794950977 0
5.7452140609 -6.76794950977 8.40076737072 -6.76794950977 3
8.40076737072 -6.76794950977 8.82800221633 -6.76794950977 0
8.82800221633 -6.76794950977 3.34837740263 -6.76794950977 0
3.34837740263 -6.76794950977 -0.236700561797 -6.76794950977 3
-0.236700561797 -6.76794950977 -0.236700561797 -9.31727131952 1
-0.236700561797 -9.31727131952 6.22845924784 -9.31727131952 0
6.22845924784 -9.31727131952 8.68258158484 -9.31727131952 2
8.68258158484 -9.31727131952 3.12651513423 -9.31727131952 0
3.12651513423 -9.31727131952 -0.862487080634 -9.31727131952 3
-0.862487080634 -9.31727131952 -0.862487080634 -11.5337928572 1
-0.862487080634 -11.5337928572 -0.862487080634 -11.7070167597 1
-0.862487080634 -11.7070167597 4.46538515466 -11.7070167597 0
4.46538515466 -11.7070167597 7.89655068497 -11.7070167597 3
7.89655068497 -11.7070167597 3.36377849992 -11.7070167597 0
3.36377849992 -11.7070167597 -1.53554009765 -11.7070167597 3
-1.53554009765 -11.7070167597 -1.53554009765 -0.360849333534 1
-1.53554009765 -0.360849333534 -1.94537174827 -0.360849333534 1
-1.94537174827 -0.360849333534 -8.58573269753 -0.360849333534 0
-8.58573269753 -0.360849333534 -11.4675929448 -0.360849333534 1
-11.4675929448 -0.360849333534 -7.18276535913 -0.360849333534 0
-7.18276535913 -0.360849333534 -3.03793261326 -0.360849333534 3
-3.03793261326 -0.360849333534 -3.03793261326 -2.38401068637 1
-3.03793261326 -2.38401068637 -3.03793261326 -2.64175722737 1
-3.03793261326 -2.64175722737 -8.44610276466 -2.64175722737 0
-8.44610276466 -2.64175722737 -11.3294541734 -2.64175722737 1
-11.3294541734 -2.64175722737 -6.38041556812 -2.64175722737 0
-6.38041556812 -2.64175722737 -2.73291426526 -2.64175722737 3
-2.73291426526 -2.64175722737 -2.73291426526 -4.47613537784 1
-2.73291426526 -4.47613537784 -2.73291426526 -4.88096730407 1
-2.73291426526 -4.88096730407 -7.40550668007 -4.88096730407 0
-7.40550668007 -4.88096730407 -9.63079295569 -4.88096730407 1
-9.63079295569 -4.88096730407 -10.8926122881 -4.88096730407 1
-10.8926122881 -4.88096730407 -5.98873783752 -4.88096730407 0
-5.98873783752 -4.88096730407 -2.34930109186 -4.88096730407 3
-2.34930109186 -4.88096730407 -2.34930109186 -6.71724479746 1
-2.34930109186 -6.71724479746 -2.66554780303 -6.71724479746 1
-2.66554780303 -6.71724479746 -7.82487923022 -6.71724479746 0
-7.82487923022 -6.71724479746 -10.6988483746 -6.71724479746 1
-10.6988483746 -6.71724479746 -10.843821372 -6.71724479746 1
-10.843821372 -6.71724479746 -6.24071952789 -6.71724479746 0
-6.24071952789 -6.71724479746 -1.24225396634 -6.71724479746 3
-1.24225396634 -6.71724479746 -1.24225396634 -9.01398143437 1
-1.24225396634 -9.01398143437 -2.66147635448 -9.01398143437 1
-2.66147635448 -9.01398143437 -4.47825037311 -9.01398143437 0
-4.47825037311 -9.01398143437 -7.4204231686 -9.01398143437 0
-7.4204231686 -9.01398143437 -10.8721787359 -9.01398143437 1
-10.8721787359 -9.01398143437 -4.43854160524 -9.01398143437 0
-4.43854160524 -9.01398143437 -3.06470605698 -9.01398143437 3
-3.06470605698 -9.01398143437 -3.06470605698 -11.0008778535 1
-3.06470605698 -11.0008778535 -3.06470605698 -11.2520346772 1
-3.06470605698 -11.2520346772 -8.84880979741 -11.2520346772 0
-8.84880979741 -11.2520346772 -11.9174342828 -11.2520346772 1
-11.9174342828 -11.2520346772 -6.54415679701 -11.2520346772 0
-6.54415679701 -11.2520346772 -2.9627247909 -11.2520346772 3
-2.9627247909 -11.2520346772 -2.9627247909 -13.1628845688 1
-2.9627247909 -13.1628845688 -8.71467718295 -13.1628845688 0
-8.71467718295 -13.1628845688 -11.7872081466 -13.1628845688 1
-11.7872081466 -13.1628845688 -6.43599816489 -13.1628845688 0
-6.43599816489 -13.1628845688 -2.93350278418 -13.1628845688 3
-2.93350278418 -13.1628845688 -2.93350278418 -10.8148823702 1
-2.93350278418 -10.8148823702 2.76364662178 -10.8148823702 0
2.76364662178 -10.8148823702 5.56953551241 -10.8148823702 3
5.56953551241 -10.8148823702 5.56953551241 -12.6705274033 1
5.56953551241 -12.6705274033 5.56953551241 -13.0450866965 1
5.56953551241 -13.0450866965 1.54117130191 -13.0450866965 0
1.54117130191 -13.0450866965 -0.569039515855 -13.0450866965 3
-0.569039515855 -13.0450866965 2.35828201551 -13.0450866965 0
2.35828201551 -13.0450866965 5.7955826328 -13.0450866965 3
5.7955826328 -13.0450866965 5.7955826328 -15.1038363152 1
5.7955826328 -15.1038363152 5.7955826328 -15.3064701929 1
5.7955826328 -15.3064701929 2.23406827028 -15.3064701929 0
2.23406827028 -15.3064701929 -0.625628104789 -15.3064701929 3
-0.625628104789 -15.3064701929 2.47385743557 -15.3064701929 0
2.47385743557 -15.3064701929 5.59009152979 -15.3064701929 3
5.59009152979 -15.3064701929 5.59009152979 -16.6325323822 1
5.59009152979 -16.6325323822 4.70087786346 -16.6325323822 1
4.70087786346 -16.6325323822 1.66019808249 -16.6325323822 0
1.66019808249 -16.6325323822 -1.55823389637 -16.6325323822 3
-1.55823389637 -16.6325323822 2.46161551162 -16.6325323822 0
2.46161551162 -16.6325323822 5.16962122513 -16.6325323822 1
5.16962122513 -16.6325323822 5.16962122513 -19.7930396428 1
5.16962122513 -19.7930396428 1.86278258679 -19.7930396428 0
1.86278258679 -19.7930396428 -1.66306575084 -19.7930396428 3
-1.66306575084 -19.7930396428 1.44478795389 -19.7930396428 0
1.44478795389 -19.7930396428 5.11013668628 -19.7930396428 3
5.11013668628 -19.7930396428 5.11013668628 -21.607657159 1
5.11013668628 -21.607657159 5.11013668628 -21.8400626667 1
5.11013668628 -21.8400626667 1.99313883578 -21.8400626667 0
1.99313883578 -21.8400626667 -1.95971584154 -21.8400626667 3
-1.95971584154 -21.8400626667 2.09873719379 -21.8400626667 0
2.09873719379 -21.8400626667 5.59601422743 -21.8400626667 3
5.59601422743 -21.8400626667 5.59601422743 -23.8324152384 1
5.59601422743 -23.8324152384 2.05148034975 -23.8324152384 0
2.05148034975 -23.8324152384 -1.3791271533 -23.8324152384 3
-1.3791271533 -23.8324152384 2.65365540221 -23.8324152384 0
2.65365540221 -23.8324152384 5.93207707277 -23.8324152384 3
5.93207707277 -23.8324152384 5.93207707277 -25.8781124056 1
5.93207707277 -25.8781124056 5.93207707277 -11.7049133237 1
5.93207707277 -11.7049133237 5.93207707277 -13.7368795955 1
5.93207707277 -13.7368795955 5.93207707277 -14.0382140443 1
5.93207707277 -14.0382140443 2.18531539663 -14.0382140443 0
