6 7
8 10
11 29
30 31
35 65
67 70
71 73
74 87
89 107
109 144
145 147
149 152
153 167
169 179
181 201
202 211
212 260
261 267
269 323
324 334
334 347
348 401
402 409
410 411
412 458
460 466
473 476
478 518
519 521
523 524
525 526
528 569
571 576
578 581
584 594
594 606
607 608
609 610
611 662
663 669
670 671
672 694
697 698
699 718
719 730
732 777
778 780
783 785
787 792
794 842
843 852
854 862
862 868
869 873
875 904
906 920
921 925
929 979
980 989
991 1037
1038 1039
1041 1042
1044 1045
1047 1056
1058 1059
1061 1098
1100 1102
1103 1111
1111 1124
1126 1127
1128 1180
1181 1185
1187 1189
1190 1239
1240 1250
1251 1297
1299 1301
1303 1304
1305 1306
1307 1361
1364 1365
1366 1368
1369 1377
1377 1382
1383 1388
1390 1438
1439 1441
1443 1446
1447 1494
1495 1496
1498 1502
1504 1507
1508 1553
1554 1555
1561 1562
1563 1615
1616 1629
1629 1642
1642 1668
1668 1695
1697 1703
1704 1714
1715 1719
1720 1753
1754 1765
1766 1794
1795 1797
1798 1812
1813 1883
1883 1898
1898 1954
1954 2022
2022 2025
2026 2030
2031 2040
2041 2045
2046 2054
2054 2161
2161 2205
2205 2276
2276 2392
2393 2398
2405 2486
2486 2568
2568 2583
2583 2650
2652 2687
2687 2722
2722 2750
2750 2757
2759 2787
2787 2815
2815 2843
2847 2869
2873 2875
