0 0 -0.227250286028 1.39150667695e-17 1
-0.227250286028 1.39150667695e-17 -0.668544270238 4.09365300318e-17 3
-0.668544270238 4.09365300318e-17 -4.68325156937 2.86766452202e-16 0
-4.68325156937 2.86766452202e-16 -4.90502463266 3.00346135806e-16 2
-4.90502463266 3.00346135806e-16 -11.5914645295 7.09772496672e-16 0
-11.5914645295 7.09772496672e-16 -12.2633293395 7.50912351122e-16 1
-12.2633293395 7.50912351122e-16 -12.7148460107 7.78559773432e-16 2
-12.7148460107 7.78559773432e-16 -12.7148460107 -2.17438674904 1
-12.7148460107 -2.17438674904 -8.65367497921 -2.17438674904 0
-8.65367497921 -2.17438674904 -0.914385468734 -2.17438674904 0
-0.914385468734 -2.17438674904 -0.473594252397 -2.17438674904 3
-0.473594252397 -2.17438674904 0.194586765292 -2.17438674904 3
0.194586765292 -2.17438674904 3.33284658691 -2.17438674904 0
3.33284658691 -2.17438674904 5.55001444831 -2.17438674904 0
5.55001444831 -2.17438674904 10.0045104714 -2.17438674904 0
10.0045104714 -2.17438674904 11.2903981306 -2.17438674904 1
11.0903981306 -2.37438674904 0.834963459276 -2.37438674904 0
0.834963459276 -2.37438674904 -0.501703227561 -2.37438674904 3
-0.501703227561 -2.37438674904 -12.5175689382 -2.37438674904 0
-12.5175689382 -2.37438674904 -14.7359331543 -2.37438674904 1
-14.7359331543 -2.37438674904 -14.7359331543 -4.85428530342 1
-14.7359331543 -4.85428530342 -2.93798696899 -4.85428530342 0
-2.93798696899 -4.85428530342 -1.39007685351 -4.85428530342 3
-1.39007685351 -4.85428530342 -1.16385417803 -4.85428530342 2
-1.16385417803 -4.85428530342 9.04624361339 -4.85428530342 0
9.04624361339 -4.85428530342 10.3781078895 -4.85428530342 2
10.1781078895 -5.05428530342 9.51579687495 -5.05428530342 0
9.51579687495 -5.05428530342 0.659182940783 -5.05428530342 0
0.659182940783 -5.05428530342 0.207885316592 -5.05428530342 3
0.207885316592 -5.05428530342 -0.0150037939536 -5.05428530342 3
-0.0150037939536 -5.05428530342 -0.240584338549 -5.05428530342 2
-0.240584338549 -5.05428530342 -9.35199436252 -5.05428530342 0
-9.35199436252 -5.05428530342 -10.4630442708 -5.05428530342 0
-10.4630442708 -5.05428530342 -11.1352024341 -5.05428530342 0
-11.1352024341 -5.05428530342 -13.3320021177 -5.05428530342 1
-13.3320021177 -5.05428530342 -13.3320021177 -7.26978883384 1
-13.3320021177 -7.26978883384 -13.111024384 -7.26978883384 0
-13.111024384 -7.26978883384 -12.8879558678 -7.26978883384 1
-12.8879558678 -7.26978883384 -1.55258892672 -7.26978883384 0
-1.55258892672 -7.26978883384 -0.220121705206 -7.26978883384 3
-0.220121705206 -7.26978883384 0.00532791244693 -7.26978883384 2
0.00532791244693 -7.26978883384 4.90260682523 -7.26978883384 0
4.90260682523 -7.26978883384 5.12706679939 -7.26978883384 2
5.12706679939 -7.26978883384 9.3504124375 -7.26978883384 0
9.3504124375 -7.26978883384 11.146278634 -7.26978883384 1
10.946278634 -7.46978883384 0.935481223164 -7.46978883384 0
0.935481223164 -7.46978883384 0.496659232375 -7.46978883384 3
0.496659232375 -7.46978883384 0.048977188397 -7.46978883384 3
0.048977188397 -7.46978883384 -1.06145570467 -7.46978883384 0
-1.06145570467 -7.46978883384 -11.7357140291 -7.46978883384 0
-11.7357140291 -7.46978883384 -13.7395588269 -7.46978883384 1
-13.7395588269 -7.46978883384 -13.7395588269 -9.25258487159 1
-13.7395588269 -9.25258487159 -12.4689077906 -9.25258487159 1
-12.4689077906 -9.25258487159 -11.5816718309 -9.25258487159 0
-11.5816718309 -9.25258487159 -5.13664944158 -9.25258487159 0
-5.13664944158 -9.25258487159 -2.02540071897 -9.25258487159 0
-2.02540071897 -9.25258487159 -1.14048790872 -9.25258487159 3
-1.14048790872 -9.25258487159 9.9801099917 -9.25258487159 0
9.9801099917 -9.25258487159 11.2152481743 -9.25258487159 1
11.0152481743 -9.45258487159 0.8197775255 -9.45258487159 0
0.8197775255 -9.45258487159 0.591792479842 -9.45258487159 3
0.591792479842 -9.45258487159 0.370200967369 -9.45258487159 3
0.370200967369 -9.45258487159 0.142551338333 -9.45258487159 3
0.142551338333 -9.45258487159 -1.87669737998 -9.45258487159 0
-1.87669737998 -9.45258487159 -2.10243717465 -9.45258487159 0
-2.10243717465 -9.45258487159 -10.3434520604 -9.45258487159 0
-10.3434520604 -9.45258487159 -10.7896078252 -9.45258487159 0
-10.7896078252 -9.45258487159 -12.5819391341 -9.45258487159 1
-12.5819391341 -9.45258487159 -12.5819391341 -11.8320888462 1
-12.5819391341 -11.8320888462 -12.3615542989 -11.8320888462 2
-12.3615542989 -11.8320888462 -0.838614872109 -11.8320888462 0
-0.838614872109 -11.8320888462 0.0512446708216 -11.8320888462 3
0.0512446708216 -11.8320888462 0.495596846579 -11.8320888462 3
0.495596846579 -11.8320888462 11.3776695483 -11.8320888462 0
11.3776695483 -11.8320888462 12.777039921 -11.8320888462 1
12.577039921 -12.0320888462 2.3101146169 -12.0320888462 0
2.3101146169 -12.0320888462 1.86375660992 -12.0320888462 3
1.86375660992 -12.0320888462 1.63918612544 -12.0320888462 3
1.63918612544 -12.0320888462 1.41611945469 -12.0320888462 2
1.41611945469 -12.0320888462 -10.6363332653 -12.0320888462 0
-10.6363332653 -12.0320888462 -10.855341941 -12.0320888462 1
-10.855341941 -12.0320888462 -11.2965726063 -12.0320888462 2
-11.2965726063 -12.0320888462 -11.2965726063 -13.7594581089 1
-11.2965726063 -13.7594581089 -11.2965726063 -14.7596037483 1
-11.2965726063 -14.7596037483 -10.1989252084 -14.7596037483 0
-10.1989252084 -14.7596037483 0.480787160267 -14.7596037483 0
0.480787160267 -14.7596037483 0.919238624925 -14.7596037483 3
0.919238624925 -14.7596037483 1.59095959375 -14.7596037483 3
1.59095959375 -14.7596037483 12.0554875523 -14.7596037483 0
12.0554875523 -14.7596037483 12.2747938714 -14.7596037483 1
12.2747938714 -14.7596037483 13.1883368427 -14.7596037483 1
12.9883368427 -14.9596037483 12.8882846063 -14.9596037483 1
12.8882846063 -14.9596037483 2.82563755634 -14.9596037483 0
2.82563755634 -14.9596037483 2.60228296248 -14.9596037483 3
2.60228296248 -14.9596037483 2.37436074131 -14.9596037483 2
2.37436074131 -14.9596037483 -9.17742476046 -14.9596037483 0
-9.17742476046 -14.9596037483 -12.0452367529 -14.9596037483 1
-12.0452367529 -14.9596037483 -12.0452367529 -17.211871087 1
-12.0452367529 -17.211871087 -6.27035700403 -17.211871087 1
-6.27035700403 -17.211871087 -0.268800049705 -17.211871087 1
-0.268800049705 -17.211871087 1.06407754561 -17.211871087 1
1.06407754561 -17.211871087 3.28898071701 -17.211871087 0
3.28898071701 -17.211871087 4.18411658631 -17.211871087 2
4.18411658631 -17.211871087 11.5290086557 -17.211871087 0
11.5290086557 -17.211871087 13.0332106104 -17.211871087 1
12.8332106104 -17.411871087 6.55460775695 -17.411871087 0
6.55460775695 -17.411871087 6.11317469056 -17.411871087 2
6.11317469056 -17.411871087 2.99251417874 -17.411871087 0
2.99251417874 -17.411871087 -12.5340432673 -17.411871087 1
-12.5340432673 -17.411871087 -12.5340432673 -20.248676736 1
-12.5340432673 -20.248676736 -0.353746303606 -20.248676736 1
-0.353746303606 -20.248676736 6.75522819921 -20.248676736 1
6.55522819921 -20.448676736 6.14741850524 -20.448676736 1
6.14741850524 -20.448676736 6.14741850524 -19.5695666663 2
6.14741850524 -19.5695666663 6.14741850524 -18.5280278551 0
5.94741850524 -18.7280278551 5.94741850524 -19.5990948941 2
5.94741850524 -19.5990948941 5.94741850524 -20.8854416707 1
5.94741850524 -20.8854416707 -7.49874083455 -20.8854416707 1
-7.69874083455 -21.0854416707 2.05742253772 -21.0854416707 1
2.05742253772 -21.0854416707 2.05742253772 -5.74414310021 1
2.05742253772 -5.74414310021 2.05742253772 19.9574654851 1
2.05742253772 19.9574654851 2.05742253772 21.0749605719 0
1.85742253772 20.8749605719 1.85742253772 2.90522522797 1
1.85742253772 2.90522522797 1.85742253772 -15.2780447077 1
1.85742253772 -15.2780447077 1.85742253772 -18.6141975647 1
1.85742253772 -18.6141975647 -12.6070911141 -18.6141975647 1
-12.6070911141 -18.6141975647 -12.6070911141 -11.0381652133 1
-12.6070911141 -11.0381652133 -12.6070911141 -3.26656768844 1
-12.6070911141 -3.26656768844 -12.6070911141 2.88132627617 1
-12.6070911141 2.88132627617 -11.0809682774 2.88132627617 1
-11.0809682774 2.88132627617 -11.0809682774 8.78230537015 1
-11.0809682774 8.78230537015 -11.0809682774 15.0253923984 1
-11.0809682774 15.0253923984 -11.0809682774 21.2467951676 1
-11.2809682774 21.0467951676 -11.2809682774 16.2703827063 1
-11.2809682774 16.2703827063 -11.2809682774 15.8318531228 1
