0 11
12 17
18 22
23 35
36 43
46 49
50 64
65 71
72 73
74 88
89 96
99 103
104 115
116 120
121 122
127 138
141 147
148 154
156 166
166 168
169 180
181 186
187 189
191 192
193 205
206 213
214 222
223 234
235 241
242 243
244 245
247 259
260 261
264 267
271 274
277 288
289 297
300 311
312 322
323 339
341 342
344 345
347 348
349 362
363 371
373 382
383 391
392 397
398 410
411 418
420 431
432 439
440 445
446 456
457 466
468 478
479 486
487 491
492 502
503 511
514 526
527 537
538 543
545 546
547 559
560 568
569 570
571 584
585 590
591 597
598 610
611 617
622 632
633 640
641 645
646 657
658 665
666 667
668 681
682 689
690 695
696 697
699 708
709 712
713 719
720 728
729 736
737 745
746 752
753 759
760 770
771 778
779 786
787 793
794 803
808 816
817 825
827 836
837 849
849 861
862 870
871 879
882 888
889 897
898 902
903 910
911 920
922 930
931 938
939 942
943 952
953 961
963 971
972 980
981 986
988 990
992 994
998 1010
1012 1018
1020 1032
1035 1040
1041 1048
