0 0 -0.227250286028 1.39150667695e-17 1
-0.227250286028 1.39150667695e-17 -0.668544270238 4.09365300318e-17 3
-0.668544270238 4.09365300318e-17 -4.68325156937 2.86766452202e-16 0
-4.68325156937 2.86766452202e-16 -4.90502463266 3.00346135806e-16 2
-4.90502463266 3.00346135806e-16 -11.5914645295 7.09772496672e-16 0
-11.5914645295 7.09772496672e-16 -12.2633293395 7.50912351122e-16 1
-12.2633293395 7.50912351122e-16 -12.7148460107 7.78559773432e-16 2
-12.7148460107 7.78559773432e-16 -12.7148460107 -2.17438674904 1
-12.7148460107 -2.17438674904 -8.65367497921 -2.17438674904 0
-8.65367497921 -2.17438674904 -0.914385468734 -2.17438674904 0
-0.914385468734 -2.17438674904 -0.473594252397 -2.17438674904 3
-0.473594252397 -2.17438674904 0.194586765292 -2.17438674904 3
0.194586765292 -2.17438674904 3.33284658691 -2.17438674904 0
3.33284658691 -2.17438674904 5.55001444831 -2.17438674904 0
5.55001444831 -2.17438674904 10.0045104714 -2.17438674904 0
10.0045104714 -2.17438674904 11.2903981306 -2.17438674904 1
11.0903981306 -1.97438674904 0.834963459276 -1.97438674904 0
0.834963459276 -1.97438674904 -0.501703227561 -1.97438674904 3
-0.501703227561 -1.97438674904 -12.5175689382 -1.97438674904 0
-12.5175689382 -1.97438674904 -14.7359331543 -1.97438674904 1
-14.7359331543 -1.97438674904 -14.7359331543 -4.45428530342 1
-14.7359331543 -4.45428530342 -2.93798696899 -4.45428530342 0
-2.93798696899 -4.45428530342 -1.39007685351 -4.45428530342 3
-1.39007685351 -4.45428530342 -1.16385417803 -4.45428530342 2
-1.16385417803 -4.45428530342 9.04624361339 -4.45428530342 0
9.04624361339 -4.45428530342 10.3781078895 -4.45428530342 2
10.1781078895 -4.25428530342 9.51579687495 -4.25428530342 0
9.51579687495 -4.25428530342 0.659182940783 -4.25428530342 0
0.659182940783 -4.25428530342 0.207885316592 -4.25428530342 3
0.207885316592 -4.25428530342 -0.0150037939536 -4.25428530342 3
-0.0150037939536 -4.25428530342 -0.240584338549 -4.25428530342 2
-0.240584338549 -4.25428530342 -9.35199436252 -4.25428530342 0
-9.35199436252 -4.25428530342 -10.4630442708 -4.25428530342 0
-10.4630442708 -4.25428530342 -11.1352024341 -4.25428530342 0
-11.1352024341 -4.25428530342 -13.3320021177 -4.25428530342 1
-13.3320021177 -4.25428530342 -13.3320021177 -6.46978883384 1
-13.3320021177 -6.46978883384 -13.111024384 -6.46978883384 0
-13.111024384 -6.46978883384 -12.8879558678 -6.46978883384 1
-12.8879558678 -6.46978883384 -1.55258892672 -6.46978883384 0
-1.55258892672 -6.46978883384 -0.220121705206 -6.46978883384 3
-0.220121705206 -6.46978883384 0.00532791244693 -6.46978883384 2
0.00532791244693 -6.46978883384 4.90260682523 -6.46978883384 0
4.90260682523 -6.46978883384 5.12706679939 -6.46978883384 2
5.12706679939 -6.46978883384 9.3504124375 -6.46978883384 0
9.3504124375 -6.46978883384 11.146278634 -6.46978883384 1
10.946278634 -6.26978883384 0.935481223164 -6.26978883384 0
0.935481223164 -6.26978883384 0.496659232375 -6.26978883384 3
0.496659232375 -6.26978883384 0.048977188397 -6.26978883384 3
0.048977188397 -6.26978883384 -1.06145570467 -6.26978883384 0
-1.06145570467 -6.26978883384 -11.7357140291 -6.26978883384 0
-11.7357140291 -6.26978883384 -13.7395588269 -6.26978883384 1
-13.7395588269 -6.26978883384 -13.7395588269 -8.05258487159 1
-13.7395588269 -8.05258487159 -12.4689077906 -8.05258487159 1
-12.4689077906 -8.05258487159 -11.5816718309 -8.05258487159 0
-11.5816718309 -8.05258487159 -5.13664944158 -8.05258487159 0
-5.13664944158 -8.05258487159 -2.02540071897 -8.05258487159 0
-2.02540071897 -8.05258487159 -1.14048790872 -8.05258487159 3
-1.14048790872 -8.05258487159 9.9801099917 -8.05258487159 0
9.9801099917 -8.05258487159 11.2152481743 -8.05258487159 1
11.0152481743 -7.85258487159 0.8197775255 -7.85258487159 0
0.8197775255 -7.85258487159 0.591792479842 -7.85258487159 3
0.591792479842 -7.85258487159 0.370200967369 -7.85258487159 3
0.370200967369 -7.85258487159 0.142551338333 -7.85258487159 3
0.142551338333 -7.85258487159 -1.87669737998 -7.85258487159 0
-1.87669737998 -7.85258487159 -2.10243717465 -7.85258487159 0
-2.10243717465 -7.85258487159 -10.3434520604 -7.85258487159 0
-10.3434520604 -7.85258487159 -10.7896078252 -7.85258487159 0
-10.7896078252 -7.85258487159 -12.5819391341 -7.85258487159 1
-12.5819391341 -7.85258487159 -12.5819391341 -10.2320888462 1
-12.5819391341 -10.2320888462 -12.3615542989 -10.2320888462 2
-12.3615542989 -10.2320888462 -0.838614872109 -10.2320888462 0
-0.838614872109 -10.2320888462 0.0512446708216 -10.2320888462 3
0.0512446708216 -10.2320888462 0.495596846579 -10.2320888462 3
0.495596846579 -10.2320888462 11.3776695483 -10.2320888462 0
11.3776695483 -10.2320888462 12.777039921 -10.2320888462 1
12.577039921 -10.0320888462 2.3101146169 -10.0320888462 0
2.3101146169 -10.0320888462 1.86375660992 -10.0320888462 3
1.86375660992 -10.0320888462 1.63918612544 -10.0320888462 3
1.63918612544 -10.0320888462 1.41611945469 -10.0320888462 2
1.41611945469 -10.0320888462 -10.6363332653 -10.0320888462 0
-10.6363332653 -10.0320888462 -10.855341941 -10.0320888462 1
-10.855341941 -10.0320888462 -11.2965726063 -10.0320888462 2
-11.2965726063 -10.0320888462 -11.2965726063 -11.7594581089 1
-11.2965726063 -11.7594581089 -11.2965726063 -12.7596037483 1
-11.2965726063 -12.7596037483 -10.1989252084 -12.7596037483 0
-10.1989252084 -12.7596037483 0.480787160267 -12.7596037483 0
0.480787160267 -12.7596037483 0.919238624925 -12.7596037483 3
0.919238624925 -12.7596037483 1.59095959375 -12.7596037483 3
1.59095959375 -12.7596037483 12.0554875523 -12.7596037483 0
12.0554875523 -12.7596037483 12.2747938714 -12.7596037483 1
12.2747938714 -12.7596037483 13.1883368427 -12.7596037483 1
12.9883368427 -12.5596037483 12.8882846063 -12.5596037483 1
12.8882846063 -12.5596037483 2.82563755634 -12.5596037483 0
2.82563755634 -12.5596037483 2.60228296248 -12.5596037483 3
2.60228296248 -12.5596037483 2.37436074131 -12.5596037483 2
2.37436074131 -12.5596037483 -9.17742476046 -12.5596037483 0
-9.17742476046 -12.5596037483 -12.0452367529 -12.5596037483 1
-12.0452367529 -12.5596037483 -12.0452367529 -14.811871087 1
-12.0452367529 -14.811871087 -6.27035700403 -14.811871087 1
-6.27035700403 -14.811871087 -0.268800049705 -14.811871087 1
-0.268800049705 -14.811871087 1.06407754561 -14.811871087 1
1.06407754561 -14.811871087 3.28898071701 -14.811871087 0
3.28898071701 -14.811871087 4.18411658631 -14.811871087 2
4.18411658631 -14.811871087 11.5290086557 -14.811871087 0
11.5290086557 -14.811871087 13.0332106104 -14.811871087 1
12.8332106104 -14.611871087 6.55460775695 -14.611871087 0
6.55460775695 -14.611871087 6.11317469056 -14.611871087 2
6.11317469056 -14.611871087 2.99251417874 -14.611871087 0
2.99251417874 -14.611871087 -12.5340432673 -14.611871087 1
-12.5340432673 -14.611871087 -12.5340432673 -17.448676736 1
-12.5340432673 -17.448676736 -0.353746303606 -17.448676736 1
-0.353746303606 -17.448676736 6.75522819921 -17.448676736 1
6.55522819921 -17.248676736 6.14741850524 -17.248676736 1
6.14741850524 -17.248676736 6.14741850524 -16.3695666663 2
6.14741850524 -16.3695666663 6.14741850524 -15.3280278551 0
5.94741850524 -15.1280278551 5.94741850524 -15.9990948941 2
5.94741850524 -15.9990948941 5.94741850524 -17.2854416707 1
5.94741850524 -17.2854416707 -7.49874083455 -17.2854416707 1
-7.69874083455 -17.0854416707 2.05742253772 -17.0854416707 1
2.05742253772 -17.0854416707 2.05742253772 -1.74414310021 1
2.05742253772 -1.74414310021 2.05742253772 23.9574654851 1
2.05742253772 23.9574654851 2.05742253772 25.0749605719 0
1.85742253772 25.2749605719 1.85742253772 7.30522522797 1
1.85742253772 7.30522522797 1.85742253772 -10.8780447077 1
1.85742253772 -10.8780447077 1.85742253772 -14.2141975647 1
1.85742253772 -14.2141975647 -12.6070911141 -14.2141975647 1
-12.6070911141 -14.2141975647 -12.6070911141 -6.6381652133 1
-12.6070911141 -6.6381652133 -12.6070911141 1.13343231156 1
-12.6070911141 1.13343231156 -12.6070911141 7.28132627617 1
-12.6070911141 7.28132627617 -11.0809682774 7.28132627617 1
-11.0809682774 7.28132627617 -11.0809682774 13.1823053701 1
-11.0809682774 13.1823053701 -11.0809682774 19.4253923984 1
-11.0809682774 19.4253923984 -11.0809682774 25.6467951676 1
-11.2809682774 25.8467951676 -11.2809682774 21.0703827063 1
-11.2809682774 21.0703827063 -11.2809682774 20.6318531228 1
