0 0 -0.227250286028 1.39150667695e-17 1
-0.227250286028 1.39150667695e-17 -0.668544270238 4.09365300318e-17 3
-0.668544270238 4.09365300318e-17 -4.68325156937 2.86766452202e-16 0
-4.68325156937 2.86766452202e-16 -4.90502463266 3.00346135806e-16 2
-4.90502463266 3.00346135806e-16 -11.5914645295 7.09772496672e-16 0
-11.5914645295 7.09772496672e-16 -12.2633293395 7.50912351122e-16 1
-12.2633293395 7.50912351122e-16 -12.7148460107 7.78559773432e-16 2
-12.7148460107 7.78559773432e-16 -12.7148460107 -2.17438674904 1
-12.7148460107 -2.17438674904 -8.65367497921 -2.17438674904 0
-8.65367497921 -2.17438674904 -0.914385468734 -2.17438674904 0
-0.914385468734 -2.17438674904 -0.473594252397 -2.17438674904 3
-0.473594252397 -2.17438674904 0.194586765292 -2.17438674904 3
0.194586765292 -2.17438674904 3.33284658691 -2.17438674904 0
3.33284658691 -2.17438674904 5.55001444831 -2.17438674904 0
5.55001444831 -2.17438674904 10.0045104714 -2.17438674904 0
10.0045104714 -2.17438674904 11.2903981306 -2.17438674904 1
11.0903981306 -2.37438674904 0.834963459276 -2.37438674904 0
0.834963459276 -2.37438674904 -0.501703227561 -2.37438674904 3
-0.501703227561 -2.37438674904 -12.5175689382 -2.37438674904 0
-12.5175689382 -2.37438674904 -14.5275896653 -2.37438674904 1
-14.5275896653 -2.37438674904 -14.5275896653 -4.90408126783 1
-14.5275896653 -4.90408126783 -2.72964347997 -4.90408126783 0
-2.72964347997 -4.90408126783 -1.1817333645 -4.90408126783 3
-1.1817333645 -4.90408126783 -0.955510689018 -4.90408126783 2
-0.955510689018 -4.90408126783 9.2545871024 -4.90408126783 0
9.2545871024 -4.90408126783 10.5864513785 -4.90408126783 2
10.3864513785 -5.10408126783 9.72414036397 -5.10408126783 0
9.72414036397 -5.10408126783 0.8675264298 -5.10408126783 0
0.8675264298 -5.10408126783 0.416228805609 -5.10408126783 3
0.416228805609 -5.10408126783 0.193339695063 -5.10408126783 3
0.193339695063 -5.10408126783 -0.0322408495322 -5.10408126783 2
-0.0322408495322 -5.10408126783 -9.14365087351 -5.10408126783 0
-9.14365087351 -5.10408126783 -10.2547007817 -5.10408126783 0
-10.2547007817 -5.10408126783 -10.9268589451 -5.10408126783 0
-10.9268589451 -5.10408126783 -13.1236586287 -5.10408126783 1
-13.1236586287 -5.10408126783 -13.1236586287 -7.31958479825 1
-13.1236586287 -7.31958479825 -12.902680895 -7.31958479825 0
-12.902680895 -7.31958479825 -12.6796123788 -7.31958479825 1
-12.6796123788 -7.31958479825 -1.3442454377 -7.31958479825 0
-1.3442454377 -7.31958479825 -0.0117782161894 -7.31958479825 3
-0.0117782161894 -7.31958479825 0.213671401464 -7.31958479825 2
0.213671401464 -7.31958479825 5.11095031425 -7.31958479825 0
5.11095031425 -7.31958479825 5.33541028841 -7.31958479825 2
5.33541028841 -7.31958479825 9.55875592651 -7.31958479825 0
9.55875592651 -7.31958479825 11.354622123 -7.31958479825 1
11.154622123 -7.51958479825 1.14382471218 -7.51958479825 0
1.14382471218 -7.51958479825 0.705002721392 -7.51958479825 3
0.705002721392 -7.51958479825 0.257320677414 -7.51958479825 3
0.257320677414 -7.51958479825 -0.853112215651 -7.51958479825 0
-0.853112215651 -7.51958479825 -11.5273705401 -7.51958479825 0
-11.5273705401 -7.51958479825 -13.5312153379 -7.51958479825 1
-13.5312153379 -7.51958479825 -13.5312153379 -9.302380836 1
-13.5312153379 -9.302380836 -12.2605643016 -9.302380836 1
-12.2605643016 -9.302380836 -11.3733283419 -9.302380836 0
-11.3733283419 -9.302380836 -4.92830595256 -9.302380836 0
-4.92830595256 -9.302380836 -1.81705722995 -9.302380836 0
-1.81705722995 -9.302380836 -0.9321444197 -9.302380836 3
-0.9321444197 -9.302380836 10.1884534807 -9.302380836 0
10.1884534807 -9.302380836 11.4235916633 -9.302380836 1
11.2235916633 -9.502380836 1.02812101452 -9.502380836 0
1.02812101452 -9.502380836 0.800135968859 -9.502380836 3
0.800135968859 -9.502380836 0.578544456386 -9.502380836 3
0.578544456386 -9.502380836 0.35089482735 -9.502380836 3
0.35089482735 -9.502380836 -1.66835389096 -9.502380836 0
-1.66835389096 -9.502380836 -1.89409368564 -9.502380836 0
-1.89409368564 -9.502380836 -10.1351085713 -9.502380836 0
-10.1351085713 -9.502380836 -10.5812643362 -9.502380836 0
-10.5812643362 -9.502380836 -12.3735956451 -9.502380836 1
-12.3735956451 -9.502380836 -12.3735956451 -11.8818848106 1
-12.3735956451 -11.8818848106 -12.1532108099 -11.8818848106 2
-12.1532108099 -11.8818848106 -0.630271383092 -11.8818848106 0
-0.630271383092 -11.8818848106 0.259588159839 -11.8818848106 3
0.259588159839 -11.8818848106 0.703940335596 -11.8818848106 3
0.703940335596 -11.8818848106 11.5860130373 -11.8818848106 0
11.5860130373 -11.8818848106 12.98538341 -11.8818848106 1
12.78538341 -12.0818848106 2.51845810592 -12.0818848106 0
2.51845810592 -12.0818848106 2.07210009894 -12.0818848106 3
2.07210009894 -12.0818848106 1.84752961445 -12.0818848106 3
1.84752961445 -12.0818848106 1.6244629437 -12.0818848106 2
1.6244629437 -12.0818848106 -10.4279897763 -12.0818848106 0
-10.4279897763 -12.0818848106 -10.6469984519 -12.0818848106 1
-10.6469984519 -12.0818848106 -11.0882291172 -12.0818848106 2
-11.0882291172 -12.0818848106 -11.0882291172 -13.8092540734 1
-11.0882291172 -13.8092540734 -11.0882291172 -14.8093997127 1
-11.0882291172 -14.8093997127 -9.9905817194 -14.8093997127 0
-9.9905817194 -14.8093997127 0.689130649284 -14.8093997127 0
0.689130649284 -14.8093997127 1.12758211394 -14.8093997127 3
1.12758211394 -14.8093997127 1.79930308276 -14.8093997127 3
1.79930308276 -14.8093997127 12.2638310413 -14.8093997127 0
12.2638310413 -14.8093997127 12.4831373604 -14.8093997127 1
12.4831373604 -14.8093997127 13.3966803317 -14.8093997127 1
13.1966803317 -15.0093997127 13.0966280953 -15.0093997127 1
13.0966280953 -15.0093997127 3.03398104536 -15.0093997127 0
3.03398104536 -15.0093997127 2.81062645149 -15.0093997127 3
2.81062645149 -15.0093997127 2.58270423033 -15.0093997127 2
2.58270423033 -15.0093997127 -8.96908127144 -15.0093997127 0
-8.96908127144 -15.0093997127 -11.8368932639 -15.0093997127 1
-11.8368932639 -15.0093997127 -11.8368932639 -17.2616670514 1
-11.8368932639 -17.2616670514 -6.06201351501 -17.2616670514 1
-6.06201351501 -17.2616670514 -0.0604565606886 -17.2616670514 1
-0.0604565606886 -17.2616670514 1.27242103463 -17.2616670514 1
1.27242103463 -17.2616670514 3.49732420603 -17.2616670514 0
3.49732420603 -17.2616670514 4.39246007532 -17.2616670514 2
4.39246007532 -17.2616670514 11.7373521447 -17.2616670514 0
11.7373521447 -17.2616670514 13.2415540994 -17.2616670514 1
13.0415540994 -17.4616670514 6.76295124597 -17.4616670514 0
6.76295124597 -17.4616670514 6.32151817958 -17.4616670514 2
6.32151817958 -17.4616670514 3.20085766775 -17.4616670514 0
3.20085766775 -17.4616670514 -12.3256997783 -17.4616670514 1
-12.3256997783 -17.4616670514 -12.3256997783 -20.1114002665 1
-12.3256997783 -20.1114002665 -0.109253602677 -20.1114002665 1
-0.109253602677 -20.1114002665 7.43753205823 -20.1114002665 1
7.23753205823 -20.3114002665 6.40974229627 -20.3114002665 1
6.40974229627 -20.3114002665 6.40974229627 -19.4322901968 2
6.40974229627 -19.4322901968 6.40974229627 -18.3907513856 0
6.20974229627 -18.5907513856 6.20974229627 -19.4618184246 2
6.20974229627 -19.4618184246 6.20974229627 -20.7481652012 1
6.20974229627 -20.7481652012 -7.23641704352 -20.7481652012 1
-7.43641704352 -20.9481652012 1.87903244146 -20.9481652012 1
1.87903244146 -20.9481652012 1.87903244146 -5.57696947893 1
1.87903244146 -5.57696947893 1.87903244146 20.1246391064 1
1.87903244146 20.1246391064 1.87903244146 21.2421341932 0
1.67903244146 21.0421341932 1.67903244146 3.07239884926 1
1.67903244146 3.07239884926 1.67903244146 -15.1108710864 1
1.67903244146 -15.1108710864 1.67903244146 -18.4470239434 1
1.67903244146 -18.4470239434 -12.7854812103 -18.4470239434 1
-12.7854812103 -18.4470239434 -12.7854812103 -10.870991592 1
-12.7854812103 -10.870991592 -12.7854812103 -3.09939406716 1
-12.7854812103 -3.09939406716 -12.7854812103 2.87491664622 1
-12.7854812103 2.87491664622 -11.068776588 2.87491664622 1
-11.068776588 2.87491664622 -11.068776588 8.7758957402 1
-11.068776588 8.7758957402 -11.068776588 15.0189827684 1
-11.068776588 15.0189827684 -11.068776588 21.2403855377 1
-11.268776588 21.0403855377 -11.268776588 16.2639730764 1
-11.268776588 16.2639730764 -11.268776588 15.8254434929 1
