0 0 5.23245209391 -9.61185856274e-16 0
5.23245209391 -9.61185856274e-16 7.70609191403 -1.41558611947e-15 2
7.70609191403 -1.41558611947e-15 8.61369864306 -1.58231077081e-15 1
8.51369864306 -0.1 3.11189726933 -0.1 0
3.11189726933 -0.1 0.0223045038426 -0.1 2
0.0223045038426 -0.1 0.0223045038426 -0.772559528831 1
0.0223045038426 -0.772559528831 5.68323104649 -0.772559528831 0
5.68323104649 -0.772559528831 8.43896416447 -0.772559528831 2
8.33896416447 -0.872559528831 8.22083825601 -0.872559528831 1
8.22083825601 -0.872559528831 2.52286333595 -0.872559528831 0
2.52286333595 -0.872559528831 -0.230170697596 -0.872559528831 2
-0.230170697596 -0.872559528831 -0.230170697596 -1.68236991847 1
-0.230170697596 -1.68236991847 5.23323995375 -1.68236991847 0
5.23323995375 -1.68236991847 7.20322772468 -1.68236991847 2
7.20322772468 -1.68236991847 7.69503836176 -1.68236991847 0
7.59503836176 -1.78236991847 2.50685376382 -1.78236991847 0
2.50685376382 -1.78236991847 -0.15705977896 -1.78236991847 2
-0.15705977896 -1.78236991847 -0.15705977896 -4.20515934765 1
-0.15705977896 -4.20515934765 -0.15705977896 -4.57893616197 1
-0.15705977896 -4.57893616197 0.218658338496 -4.57893616197 1
0.218658338496 -4.57893616197 5.10062133721 -4.57893616197 0
5.10062133721 -4.57893616197 7.53422913382 -4.57893616197 2
7.53422913382 -4.57893616197 8.43040390885 -4.57893616197 0
8.43040390885 -4.57893616197 8.43040390885 -4.45815767444 1
8.43040390885 -4.45815767444 2.65120229356 -4.45815767444 0
2.65120229356 -4.45815767444 -0.51120340265 -4.45815767444 2
-0.51120340265 -4.45815767444 -0.51120340265 -6.92818452733 1
-0.51120340265 -6.92818452733 4.70318722923 -6.92818452733 0
4.70318722923 -6.92818452733 7.7074875975 -6.92818452733 2
7.7074875975 -6.92818452733 7.9594010373 -6.92818452733 1
7.9594010373 -6.92818452733 7.9594010373 -7.04452796988 2
7.9594010373 -7.04452796988 1.99871013226 -7.04452796988 0
1.99871013226 -7.04452796988 1.4787329294 -7.04452796988 2
1.4787329294 -7.04452796988 0.247169400083 -7.04452796988 1
0.247169400083 -7.04452796988 0.247169400083 -8.61125191121 2
0.247169400083 -8.61125191121 5.55293384349 -8.61125191121 0
5.55293384349 -8.61125191121 8.65722197208 -8.61125191121 2
8.55722197208 -8.71125191121 3.94173137329 -8.71125191121 0
3.94173137329 -8.71125191121 -0.549445946931 -8.71125191121 2
-0.549445946931 -8.71125191121 -0.549445946931 -2.25952759618 1
-0.549445946931 -2.25952759618 -0.549445946931 -1.89195865848 1
-0.549445946931 -1.89195865848 -0.549445946931 -1.52520010345 1
-0.649445946931 -1.62520010345 -0.649445946931 -1.76997439847 1
-0.649445946931 -1.76997439847 -7.21418396655 -1.76997439847 0
-7.21418396655 -1.76997439847 -10.0287603206 -1.76997439847 2
-10.1287603206 -1.86997439847 -5.99330849542 -1.86997439847 0
-5.99330849542 -1.86997439847 -2.06014243771 -1.86997439847 2
-2.06014243771 -1.86997439847 -2.06014243771 -4.20837608879 1
-2.06014243771 -4.20837608879 -7.21877184664 -4.20837608879 0
-7.21877184664 -4.20837608879 -10.3478466849 -4.20837608879 2
-10.4478466849 -4.30837608879 -5.3654198993 -4.30837608879 0
-5.3654198993 -4.30837608879 -2.3129491308 -4.30837608879 2
-2.3129491308 -4.30837608879 -2.3129491308 -6.04547489093 1
-2.3129491308 -6.04547489093 -6.89678711028 -6.04547489093 0
-6.89678711028 -6.04547489093 -10.4278900659 -6.04547489093 2
-10.5278900659 -6.14547489093 -5.52822343048 -6.14547489093 0
-5.52822343048 -6.14547489093 -2.1056537466 -6.14547489093 2
-2.1056537466 -6.14547489093 -2.1056537466 -7.76786842138 1
-2.1056537466 -7.76786842138 -7.17210646083 -7.76786842138 0
-7.17210646083 -7.76786842138 -10.5410263558 -7.76786842138 2
-10.6410263558 -7.86786842138 -6.37276628481 -7.86786842138 0
-6.37276628481 -7.86786842138 -1.44335283629 -7.86786842138 2
-1.44335283629 -7.86786842138 -1.44335283629 -10.4066494958 1
-1.44335283629 -10.4066494958 -1.89404087385 -10.4066494958 1
-1.89404087385 -10.4066494958 -6.84916296711 -10.4066494958 0
-6.84916296711 -10.4066494958 -10.2662707047 -10.4066494958 2
-10.3662707047 -10.5066494958 -10.260058967 -10.5066494958 1
-10.260058967 -10.5066494958 -4.30643012869 -10.5066494958 0
-4.30643012869 -10.5066494958 -2.83139594939 -10.5066494958 2
-2.83139594939 -10.5066494958 -2.83139594939 -12.468101496 1
-2.83139594939 -12.468101496 -8.30975257498 -12.468101496 0
-8.30975257498 -12.468101496 -11.3425323622 -12.468101496 2
-11.4425323622 -12.568101496 -6.58030520976 -12.568101496 0
-6.58030520976 -12.568101496 -3.17387454689 -12.568101496 2
-3.17387454689 -12.568101496 -3.17387454689 -14.4397535749 1
-3.17387454689 -14.4397535749 -8.71244753631 -14.4397535749 0
-8.71244753631 -14.4397535749 -11.8121215432 -14.4397535749 2
-11.9121215432 -14.5397535749 -11.8109242071 -14.5397535749 1
-11.8109242071 -14.5397535749 -6.78549650929 -14.5397535749 0
-6.78549650929 -14.5397535749 -3.49544936626 -14.5397535749 2
-3.49544936626 -14.5397535749 -3.49544936626 -12.1534759355 1
-3.49544936626 -12.1534759355 -2.99632221486 -12.1534759355 0
-2.99632221486 -12.1534759355 1.14341688338 -12.1534759355 0
1.14341688338 -12.1534759355 3.61265089033 -12.1534759355 2
3.61265089033 -12.1534759355 3.61265089033 -14.420549701 1
3.61265089033 -14.420549701 -0.31683034024 -14.420549701 0
-0.31683034024 -14.420549701 -2.19439824882 -14.420549701 2
-2.29439824882 -14.520549701 0.719156566428 -14.520549701 0
0.719156566428 -14.520549701 3.67764937515 -14.520549701 2
3.67764937515 -14.520549701 3.67764937515 -16.8274821849 1
3.67764937515 -16.8274821849 0.0882509975728 -16.8274821849 0
0.0882509975728 -16.8274821849 -2.24395241047 -16.8274821849 2
-2.34395241047 -16.9274821849 0.693384973743 -16.9274821849 0
0.693384973743 -16.9274821849 3.4583323771 -16.9274821849 2
3.4583323771 -16.9274821849 3.4583323771 -18.0640621253 1
3.4583323771 -18.0640621253 1.00081111822 -18.0640621253 0
1.00081111822 -18.0640621253 -2.32918845355 -18.0640621253 2
-2.42918845355 -18.1640621253 1.42831066837 -18.1640621253 0
1.42831066837 -18.1640621253 3.30476945983 -18.1640621253 1
3.30476945983 -18.1640621253 3.30476945983 -21.1870432296 1
3.30476945983 -21.1870432296 0.54943478729 -21.1870432296 0
0.54943478729 -21.1870432296 -3.22210714594 -21.1870432296 2
-3.32210714594 -21.2870432296 -0.590899771945 -21.2870432296 0
-0.590899771945 -21.2870432296 3.10089490394 -21.2870432296 2
3.10089490394 -21.2870432296 3.10089490394 -23.1251414475 1
3.10089490394 -23.1251414475 0.0642914344901 -23.1251414475 0
0.0642914344901 -23.1251414475 -3.77710131951 -23.1251414475 2
-3.87710131951 -23.2251414475 0.0507953692308 -23.2251414475 0
0.0507953692308 -23.2251414475 3.31361097374 -23.2251414475 2
3.31361097374 -23.2251414475 3.31361097374 -24.6936030639 1
3.31361097374 -24.6936030639 -0.199753887966 -24.6936030639 0
-0.199753887966 -24.6936030639 -3.49597874244 -24.6936030639 2
-3.59597874244 -24.7936030639 0.123764426141 -24.7936030639 0
0.123764426141 -24.7936030639 3.32952769604 -24.7936030639 2
3.32952769604 -24.7936030639 3.32952769604 -26.6019251761 1
3.32952769604 -26.6019251761 2.33688429172 -26.6019251761 1
2.33688429172 -26.6019251761 1.6146967085 -26.6019251761 1
1.6146967085 -26.6019251761 1.6146967085 -22.1071292549 1
1.6146967085 -22.1071292549 1.6146967085 -19.1340033256 1
1.6146967085 -19.1340033256 1.6146967085 -13.2016164581 1
1.5146967085 -13.3016164581 1.5146967085 -15.5423716208 1
1.5146967085 -15.5423716208 -1.84981083808 -15.5423716208 0
