0 31
32 43
45 49
53 77
78 94
95 103
103 105
106 133
134 147
151 173
174 191
192 201
201 204
205 231
232 247
253 276
277 294
295 319
321 332
335 360
361 372
373 376
381 404
405 423
424 434
434 437
438 466
468 480
484 510
511 530
531 541
541 544
545 569
570 586
591 609
610 635
636 668
670 686
688 690
691 721
722 739
740 759
760 779
780 789
789 791
792 815
816 835
836 858
859 876
877 885
885 887
888 909
910 932
933 954
955 972
973 981
981 984
985 1008
1009 1027
1028 1049
1050 1073
1074 1083
1083 1091
1092 1100
1102 1115
1116 1135
1136 1165
1166 1173
1174 1175
1176 1177
1178 1187
1188 1214
1215 1225
1227 1233
1234 1258
1259 1276
1277 1286
1287 1313
1314 1329
1333 1357
1358 1374
1375 1384
1384 1386
1387 1414
1415 1428
1429 1437
1437 1439
1440 1458
1459 1470
1471 1486
1487 1503
1504 1512
1512 1516
1517 1533
1534 1548
1551 1566
1567 1582
1583 1592
1592 1596
1597 1612
1613 1629
1632 1650
1651 1663
1663 1682
1683 1696
1697 1715
1719 1733
1734 1751
1752 1760
1760 1762
1763 1777
1778 1798
1801 1819
1820 1837
1838 1847
1848 1863
1864 1880
1883 1902
1903 1919
1920 1928
1928 2032
2036 2044
2044 2047
2048 2064
