0 0 6.27987941154 -1.15359513306e-15 0
6.27987941154 -1.15359513306e-15 8.82514930345 -1.62115362697e-15 2
8.82514930345 -1.62115362697e-15 9.47517684856 -1.74056174984e-15 0
9.47517684856 -1.74056174984e-15 3.83537147714 -1.38693508617e-17 0
3.83537147714 -1.38693508617e-17 0.279132872871 1.07491470507e-15 3
0.279132872871 1.07491470507e-15 0.279132872871 -1.87517908736 1
0.279132872871 -1.87517908736 0.279132872871 -2.19916312701 1
0.279132872871 -2.19916312701 6.50032115964 -2.19916312701 0
6.50032115964 -2.19916312701 9.37651040601 -2.19916312701 3
9.37651040601 -2.19916312701 4.22116274629 -2.19916312701 0
4.22116274629 -2.19916312701 0.281968424802 -2.19916312701 3
0.281968424802 -2.19916312701 0.281968424802 -4.34552237582 1
0.281968424802 -4.34552237582 0.281968424802 -4.66223416247 1
0.281968424802 -4.66223416247 6.34222212344 -4.66223416247 0
6.34222212344 -4.66223416247 9.81120199766 -4.66223416247 3
9.81120199766 -4.66223416247 4.48552118411 -4.66223416247 0
4.48552118411 -4.66223416247 0.606422694869 -4.66223416247 3
0.606422694869 -4.66223416247 0.606422694869 -9.84350251631 1
0.606422694869 -9.84350251631 0.606422694869 -7.36610393621 1
0.606422694869 -7.36610393621 6.44269504235 -7.36610393621 0
6.44269504235 -7.36610393621 8.99911550491 -7.36610393621 3
8.99911550491 -7.36610393621 9.68488746113 -7.36610393621 0
9.68488746113 -7.36610393621 4.19917289507 -7.36610393621 0
4.19917289507 -7.36610393621 0.210497765363 -7.36610393621 3
0.210497765363 -7.36610393621 0.210497765363 -9.69236263581 1
0.210497765363 -9.69236263581 0.210497765363 -10.0275615666 1
0.210497765363 -10.0275615666 6.70753231281 -10.0275615666 0
6.70753231281 -10.0275615666 9.28362720562 -10.0275615666 2
9.28362720562 -10.0275615666 3.23949926207 -10.0275615666 0
3.23949926207 -10.0275615666 -0.728680157264 -10.0275615666 3
-0.728680157264 -10.0275615666 -0.728680157264 -12.3471915818 1
-0.728680157264 -12.3471915818 -0.728680157264 -12.558076243 1
-0.728680157264 -12.558076243 4.84492521333 -12.558076243 0
4.84492521333 -12.558076243 8.44033104846 -12.558076243 3
8.44033104846 -12.558076243 4.26786031808 -12.558076243 0
4.26786031808 -12.558076243 -1.14233411673 -12.558076243 3
-1.14233411673 -12.558076243 -1.14233411673 -5.13734928678 1
-1.14233411673 -5.13734928678 -1.14233411673 -1.43807974443 1
-1.14233411673 -1.43807974443 -1.43146817129 -1.43807974443 1
-1.43146817129 -1.43807974443 -8.37954130518 -1.43807974443 0
-8.37954130518 -1.43807974443 -11.4411097417 -1.43807974443 1
-11.4411097417 -1.43807974443 -6.96362630763 -1.43807974443 0
-6.96362630763 -1.43807974443 -2.62626050162 -1.43807974443 3
-2.62626050162 -1.43807974443 -2.62626050162 -3.55024189429 1
-2.62626050162 -3.55024189429 -2.62626050162 -3.82690271168 1
-2.62626050162 -3.82690271168 -8.04400140665 -3.82690271168 0
-8.04400140665 -3.82690271168 -11.5202502586 -3.82690271168 1
-11.5202502586 -3.82690271168 -6.35066291031 -3.82690271168 0
-6.35066291031 -3.82690271168 -2.53174243144 -3.82690271168 3
-2.53174243144 -3.82690271168 -2.53174243144 -5.73915934527 1
-2.53174243144 -5.73915934527 -2.53174243144 -6.15947703304 1
-2.53174243144 -6.15947703304 -7.41708022091 -6.15947703304 0
-7.41708022091 -6.15947703304 -11.5729461593 -6.15947703304 1
-11.5729461593 -6.15947703304 -6.67703710022 -6.15947703304 0
-6.67703710022 -6.15947703304 -2.76838959861 -6.15947703304 3
-2.76838959861 -6.15947703304 -2.76838959861 -8.13116228016 1
-2.76838959861 -8.13116228016 -3.27411070562 -8.13116228016 1
-3.27411070562 -8.13116228016 -8.66832061783 -8.13116228016 0
-8.66832061783 -8.13116228016 -11.8726298485 -8.13116228016 1
-11.8726298485 -8.13116228016 -7.02595368098 -8.13116228016 0
-7.02595368098 -8.13116228016 -1.79114062172 -8.13116228016 3
-1.79114062172 -8.13116228016 -1.79114062172 -10.3087619821 1
-1.79114062172 -10.3087619821 -3.36298380054 -10.3087619821 1
-3.36298380054 -10.3087619821 -5.25961124472 -10.3087619821 0
-5.25961124472 -10.3087619821 -8.33664308274 -10.3087619821 0
-8.33664308274 -10.3087619821 -11.9832140292 -10.3087619821 1
-11.9832140292 -10.3087619821 -5.25576211947 -10.3087619821 0
-5.25576211947 -10.3087619821 -3.81358411125 -10.3087619821 3
-3.81358411125 -10.3087619821 -3.56765135488 -10.3087619821 1
-3.56765135488 -10.3087619821 -3.35037980742 -10.3087619821 3
-3.35037980742 -10.3087619821 -3.35037980742 -11.8892205743 1
-3.35037980742 -11.8892205743 -9.40238187406 -11.8892205743 0
-9.40238187406 -11.8892205743 -11.71939244 -11.8892205743 1
-11.71939244 -11.8892205743 -12.1940431405 -11.8892205743 1
-12.1940431405 -11.8892205743 -6.57769271493 -11.8892205743 0
-6.57769271493 -11.8892205743 -2.82089721179 -11.8892205743 3
-2.82089721179 -11.8892205743 -2.82089721179 -13.8864178051 1
-2.82089721179 -13.8864178051 -8.83577420369 -13.8864178051 0
-8.83577420369 -13.8864178051 -12.1612364843 -13.8864178051 1
-12.1612364843 -13.8864178051 -6.56738763065 -13.8864178051 0
-6.56738763065 -13.8864178051 -2.88192583093 -13.8864178051 3
-2.88192583093 -13.8864178051 -2.88192583093 -11.834591046 1
-2.88192583093 -11.834591046 -2.39168145949 -11.834591046 1
-2.39168145949 -11.834591046 3.60942796236 -11.834591046 0
3.60942796236 -11.834591046 6.54872936611 -11.834591046 3
6.54872936611 -11.834591046 6.54872936611 -13.7665352885 1
6.54872936611 -13.7665352885 6.54872936611 -14.1621068988 1
6.54872936611 -14.1621068988 2.33905074087 -14.1621068988 0
2.33905074087 -14.1621068988 0.114347326014 -14.1621068988 3
0.114347326014 -14.1621068988 3.28562573285 -14.1621068988 0
3.28562573285 -14.1621068988 6.88263584181 -14.1621068988 3
6.88263584181 -14.1621068988 6.88263584181 -16.0788264603 1
6.88263584181 -16.0788264603 6.88263584181 -16.5418665344 1
6.88263584181 -16.5418665344 3.15899326086 -16.5418665344 0
3.15899326086 -16.5418665344 0.157039317256 -16.5418665344 3
0.157039317256 -16.5418665344 3.40014266105 -16.5418665344 0
3.40014266105 -16.5418665344 6.66713653116 -16.5418665344 3
6.66713653116 -16.5418665344 6.66713653116 -17.9313548246 1
6.66713653116 -17.9313548246 5.76778619424 -17.9313548246 1
5.76778619424 -17.9313548246 2.5859752126 -17.9313548246 0
2.5859752126 -17.9313548246 -0.764829261754 -17.9313548246 3
-0.764829261754 -17.9313548246 3.44057310812 -17.9313548246 0
3.44057310812 -17.9313548246 6.06537848736 -17.9313548246 1
6.06537848736 -17.9313548246 6.06537848736 -21.1705629515 1
6.06537848736 -21.1705629515 3.09596248992 -21.1705629515 0
3.09596248992 -21.1705629515 -0.895287978205 -21.1705629515 3
-0.895287978205 -21.1705629515 2.35303990705 -21.1705629515 0
2.35303990705 -21.1705629515 6.18929152828 -21.1705629515 3
6.18929152828 -21.1705629515 6.18929152828 -23.0633236984 1
6.18929152828 -23.0633236984 6.18929152828 -23.3157626735 1
6.18929152828 -23.3157626735 2.93914719859 -23.3157626735 0
2.93914719859 -23.3157626735 -1.194619997 -23.3157626735 3
-1.194619997 -23.3157626735 3.04405617671 -23.3157626735 0
3.04405617671 -23.3157626735 6.80290024182 -23.3157626735 3
6.80290024182 -23.3157626735 6.80290024182 -25.3103910383 1
6.80290024182 -25.3103910383 3.31156484278 -25.3103910383 0
3.31156484278 -25.3103910383 -0.281961225497 -25.3103910383 3
-0.281961225497 -25.3103910383 3.94704270618 -25.3103910383 0
3.94704270618 -25.3103910383 7.394556556 -25.3103910383 3
7.394556556 -25.3103910383 7.394556556 -27.2160235134 1
7.394556556 -27.2160235134 7.394556556 -12.5241986182 1
7.394556556 -12.5241986182 7.394556556 -14.4136082945 1
7.394556556 -14.4136082945 7.394556556 -14.9640717102 1
7.394556556 -14.9640717102 3.71749978428 -14.9640717102 0
